entry_time,exit_time,p0,avg_entry,exit_price,pnl,pnl_pct,hold_bars,reason
2021-01-01 00:00:00+00:00,2021-01-01 01:38:00+00:00,736.42,733.0132940728904,747.6735599543482,29.20328807407418,0.01796102000000006,99,take_profit
2021-01-01 01:39:00+00:00,2021-01-02 12:45:00+00:00,748.18,737.1451037346953,751.8880058093893,110.41591221930685,0.017961020000000105,2107,take_profit
2021-01-02 12:46:00+00:00,2021-01-02 13:17:00+00:00,754.61,751.1191464657993,766.1415293951153,29.611022046757853,0.017961019999999894,32,take_profit
2021-01-02 13:18:00+00:00,2021-01-02 16:08:00+00:00,766.07,759.1129372077307,774.2951959518854,60.54500886304095,0.017961020000000077,171,take_profit
2021-01-02 16:09:00+00:00,2021-01-02 17:01:00+00:00,772.69,769.1155077227422,784.4978178771971,29.87430730098572,0.017961020000000178,53,take_profit
2021-01-02 17:02:00+00:00,2021-01-03 05:11:00+00:00,783.92,772.3579749788853,787.8051344784631,112.95299639517452,0.017961019999999706,730,take_profit
2021-01-03 05:12:00+00:00,2021-01-03 06:20:00+00:00,785.98,785.98,801.6996,9.315126079068932,0.017961020000000074,69,take_profit
2021-01-03 06:21:00+00:00,2021-01-03 08:40:00+00:00,800.16,796.4584304953207,812.3875991052272,30.318613221486885,0.017961019999999935,140,take_profit
2021-01-03 08:41:00+00:00,2021-01-03 10:52:00+00:00,812.73,812.73,828.9846,9.350719198281467,0.01796101999999995,132,take_profit
2021-01-03 10:53:00+00:00,2021-01-03 13:22:00+00:00,827.94,827.94,844.4988000000001,9.359116621008297,0.017961020000000126,150,take_profit
2021-01-03 13:23:00+00:00,2021-01-03 13:37:00+00:00,844.65,844.65,861.543,9.367521585048962,0.017961020000000227,15,take_profit
2021-01-03 13:38:00+00:00,2021-01-03 13:43:00+00:00,865.03,865.03,882.3306,9.375934097175787,0.017961019999999942,6,take_profit
2021-01-03 13:44:00+00:00,2021-01-03 14:23:00+00:00,879.09,871.10654635992,888.5286772871184,62.214792421703805,0.017961019999999793,40,take_profit
2021-01-03 14:24:00+00:00,2021-01-03 14:29:00+00:00,890.94,890.94,908.7588000000001,9.440226220716795,0.017961019999999942,6,take_profit
2021-01-03 14:30:00+00:00,2021-01-03 14:36:00+00:00,906.63,902.4358963706915,920.4846142981053,30.725785682319156,0.017961019999999966,7,take_profit
2021-01-03 14:37:00+00:00,2021-01-03 16:00:00+00:00,917.46,903.9283954027558,922.0069633108109,116.17238600539804,0.017961019999999984,84,take_profit
2021-01-03 16:01:00+00:00,2021-01-03 16:05:00+00:00,929.98,929.98,948.5796,9.580626075296891,0.017961019999999998,5,take_profit
2021-01-03 16:06:00+00:00,2021-01-03 16:24:00+00:00,948.76,944.3710014456365,963.2584214745492,31.182755223175036,0.017961020000000008,19,take_profit
2021-01-03 16:25:00+00:00,2021-01-03 20:27:00+00:00,970.01,941.1139338470338,959.9362125239744,161.21333182701892,0.017961019999999772,243,take_profit
2021-01-03 20:28:00+00:00,2021-01-03 22:17:00+00:00,957.24,944.2909663239614,963.1767856504406,108.68372763805473,0.01796101999999997,110,take_profit
2021-01-03 22:18:00+00:00,2021-01-03 22:29:00+00:00,965.09,965.09,984.3918000000001,9.859614994785147,0.017961020000000206,12,take_profit
2021-01-03 22:30:00+00:00,2021-01-03 22:45:00+00:00,981.33,976.7903314311801,996.3261380598037,32.09080059703683,0.01796101999999979,16,take_profit
2021-01-03 22:46:00+00:00,2021-01-03 23:41:00+00:00,992.71,983.6947066136075,1003.3686007458797,65.61535780499753,0.01796102000000008,56,take_profit
2021-01-03 23:42:00+00:00,2021-01-04 03:47:00+00:00,1007.29,992.4334940000018,1012.2821638800019,122.05581534979956,0.01796101999999999,246,take_profit
2021-01-04 03:48:00+00:00,2021-01-04 04:01:00+00:00,1011.8,1007.119376093738,1027.2617636156128,32.73257781975781,0.017961020000000223,14,take_profit
2021-01-04 04:02:00+00:00,2021-01-04 05:16:00+00:00,1027.8,1018.4660368662206,1038.8353576035452,66.92758564962696,0.01796102000000008,75,take_profit
2021-01-04 05:17:00+00:00,2021-01-04 05:29:00+00:00,1040.0,1040.0,1060.8,10.155326801644264,0.017961019999999814,13,take_profit
2021-01-04 05:30:00+00:00,2021-01-04 05:50:00+00:00,1061.0,1056.0917750894014,1077.2136105911895,33.0532751594958,0.017961020000000185,21,take_profit
2021-01-04 05:51:00+00:00,2021-01-04 06:20:00+00:00,1076.51,1076.51,1098.0402,10.194130329844256,0.017961020000000147,30,take_profit
2021-01-04 06:21:00+00:00,2021-01-04 06:24:00+00:00,1097.0,1097.0,1118.94,10.203285178781016,0.017961019999999994,4,take_profit
2021-01-04 06:25:00+00:00,2021-01-04 06:36:00+00:00,1123.2,1118.0040356083086,1140.3641163204747,33.209368751229476,0.017961020000000046,12,take_profit
2021-01-04 06:37:00+00:00,2021-01-05 00:33:00+00:00,1145.65,1090.0768796518855,1111.8784172449232,194.75490452736267,0.017961019999999623,1077,take_profit
2021-01-05 00:34:00+00:00,2021-01-05 00:44:00+00:00,1110.98,1105.840565776459,1127.9573770919883,33.87509938554513,0.0179610200000003,11,take_profit
2021-01-05 00:45:00+00:00,2021-01-05 22:39:00+00:00,1131.09,1089.2049865334811,1110.9890862641507,186.895836767957,0.017961019999999918,1315,take_profit
2021-01-05 22:40:00+00:00,2021-01-06 04:24:00+00:00,1110.44,1094.0621361051556,1115.9433788272586,130.13737413994022,0.01796101999999997,345,take_profit
2021-01-06 04:25:00+00:00,2021-01-06 04:28:00+00:00,1117.85,1112.6787849045118,1134.932360602602,34.89986703285331,0.017961020000000074,4,take_profit
2021-01-06 04:29:00+00:00,2021-01-06 11:08:00+00:00,1135.0,1118.2599010116273,1140.62509903186,131.95434175050832,0.017961019999999724,400,take_profit
2021-01-06 11:09:00+00:00,2021-01-06 15:34:00+00:00,1145.53,1130.033879333383,1152.6345569200507,121.15459154136079,0.017961020000000206,266,take_profit
2021-01-06 15:35:00+00:00,2021-01-06 16:04:00+00:00,1153.17,1147.8353932892032,1170.7921011549872,35.74094742922807,0.017961019999999887,30,take_profit
2021-01-06 16:05:00+00:00,2021-01-06 16:26:00+00:00,1177.04,1166.3507141788443,1189.6777284624213,73.0787331642623,0.01796102000000016,22,take_profit
2021-01-06 16:27:00+00:00,2021-01-06 17:26:00+00:00,1184.82,1168.792385107137,1192.1682328092797,123.4539435670822,0.017961019999999918,60,take_profit
2021-01-06 17:27:00+00:00,2021-01-06 20:49:00+00:00,1192.43,1169.0733377965296,1192.4548045524602,156.21291987307268,0.01796102000000023,203,take_profit
2021-01-06 20:50:00+00:00,2021-01-06 23:56:00+00:00,1193.74,1182.899053170541,1206.557034233952,75.1788906792226,0.017961020000000067,187,take_profit
2021-01-06 23:57:00+00:00,2021-01-07 03:26:00+00:00,1208.35,1192.004083779991,1215.8441654555909,127.00179827265401,0.017961020000000136,210,take_profit
2021-01-07 03:27:00+00:00,2021-01-07 12:57:00+00:00,1215.89,1197.9568555427559,1221.915992653611,141.24384485782412,0.01796102000000024,571,take_profit
2021-01-07 12:58:00+00:00,2021-01-07 15:38:00+00:00,1222.92,1217.2627272312259,1241.6079817758505,37.87836843431478,0.01796101999999998,161,take_profit
2021-01-07 15:39:00+00:00,2021-01-07 16:11:00+00:00,1240.43,1240.43,1265.2386000000001,11.682262124948124,0.017961020000000077,33,take_profit
2021-01-07 16:12:00+00:00,2021-01-07 18:13:00+00:00,1262.27,1256.430692688123,1281.5593065418855,38.02310177145,0.017961019999999852,122,take_profit
2021-01-07 18:14:00+00:00,2021-01-07 21:39:00+00:00,1277.45,1239.3954647816968,1264.1833740773307,196.57759165609968,0.017961020000000005,206,take_profit
2021-01-07 21:40:00+00:00,2021-01-08 10:37:00+00:00,1264.32,1217.5013912014174,1241.8514190254457,212.93925794375718,0.017961019999999602,778,take_profit
2021-01-08 10:38:00+00:00,2021-01-08 10:47:00+00:00,1240.65,1240.65,1265.4630000000002,12.094667093000567,0.017961019999999946,10,take_profit
2021-01-08 10:48:00+00:00,2021-01-08 12:28:00+00:00,1265.85,1248.7262543575139,1273.7007794446642,134.77488642577737,0.017961020000000105,101,take_profit
2021-01-08 12:29:00+00:00,2021-01-09 20:29:00+00:00,1271.05,1233.1861172732986,1257.8498396187645,204.95343014939135,0.017961019999999495,1921,take_profit
2021-01-09 20:30:00+00:00,2021-01-09 21:10:00+00:00,1257.11,1257.11,1282.2522,12.410622075306833,0.017961020000000064,41,take_profit
2021-01-09 21:11:00+00:00,2021-01-09 22:08:00+00:00,1282.24,1270.595340641509,1296.0072474543392,82.35171751815233,0.01796102,58,take_profit
2021-01-09 22:09:00+00:00,2021-01-10 01:11:00+00:00,1297.3,1279.7508154820894,1305.3458317917311,139.11905484577073,0.017961020000000077,183,take_profit
2021-01-10 01:12:00+00:00,2021-01-10 01:37:00+00:00,1306.11,1306.1099999999997,1332.2321999999997,12.620659495464338,0.017961020000000005,26,take_profit
2021-01-10 01:38:00+00:00,2021-01-10 07:52:00+00:00,1333.26,1315.2243677250062,1341.5288550795065,140.63619420364103,0.017961020000000157,375,take_profit
2021-01-10 07:53:00+00:00,2021-01-16 16:12:00+00:00,1344.16,1270.7457217144113,1296.1606361486995,247.98339347608453,0.017961020000000123,9140,take_profit
2021-01-16 16:13:00+00:00,2021-01-19 00:02:00+00:00,1284.59,1246.3227680957527,1271.2492234576678,217.59991662695575,0.017961019999999765,3350,take_profit
2021-01-19 00:03:00+00:00,2021-01-19 01:21:00+00:00,1271.97,1260.4186076208664,1285.6269797732837,87.35471498851166,0.017961019999999696,79,take_profit
2021-01-19 01:22:00+00:00,2021-01-19 01:30:00+00:00,1288.33,1288.33,1314.0965999999999,13.25485851255712,0.017961019999999946,9,take_profit
2021-01-19 01:31:00+00:00,2021-01-19 02:53:00+00:00,1313.86,1313.86,1340.1372,13.266762051499313,0.017961020000000126,83,take_profit
2021-01-19 02:54:00+00:00,2021-01-19 07:48:00+00:00,1341.4,1321.6157103233456,1348.0480245298127,162.78673514152615,0.017961020000000376,295,take_profit
2021-01-19 07:49:00+00:00,2021-01-19 08:21:00+00:00,1359.9,1359.9,1387.0980000000002,13.42486707070691,0.017961019999999998,33,take_profit
2021-01-19 08:22:00+00:00,2021-01-19 11:37:00+00:00,1387.12,1374.522873183374,1402.0133306470416,89.08182474795649,0.017961019999999977,196,take_profit
2021-01-19 11:38:00+00:00,2021-01-19 12:00:00+00:00,1407.35,1407.35,1435.4969999999998,13.516923307801335,0.017961019999999973,23,take_profit
2021-01-19 12:01:00+00:00,2021-01-24 23:19:00+00:00,1435.16,1356.7755549753413,1383.9110660748481,262.96488294688606,0.017961019999999973,7879,take_profit
2021-01-24 23:20:00+00:00,2021-01-25 00:09:00+00:00,1385.0,1378.5929392071826,1406.1647979913262,44.762449873342575,0.017961019999999873,50,take_profit
2021-01-25 00:10:00+00:00,2021-01-25 00:23:00+00:00,1406.82,1406.8199999999997,1434.9563999999998,13.805417033261392,0.01796102,14,take_profit
2021-01-25 00:24:00+00:00,2021-01-25 00:46:00+00:00,1433.01,1433.01,1461.6702,13.817815001833537,0.01796102000000001,23,take_profit
2021-01-25 00:47:00+00:00,2021-01-29 14:00:00+00:00,1455.95,1402.0352051060677,1430.0759092081892,247.4073423122918,0.01796102000000012,6554,take_profit
2021-01-29 14:01:00+00:00,2021-02-02 07:03:00+00:00,1432.29,1389.6228660629977,1417.4153233842576,235.56000348717134,0.017961020000000064,5343,take_profit
2021-02-02 07:04:00+00:00,2021-02-02 08:54:00+00:00,1417.35,1410.7932869207943,1439.0091526592103,46.384263318439025,0.017961019999999935,111,take_profit
2021-02-02 08:55:00+00:00,2021-02-02 16:28:00+00:00,1444.74,1425.196325568175,1453.7002520795386,159.26911182251388,0.01796101999999988,454,take_profit
2021-02-02 16:29:00+00:00,2021-02-02 16:37:00+00:00,1459.4,1459.4,1488.5880000000002,14.448640631475087,0.01796102000000011,9,take_profit
2021-02-02 16:38:00+00:00,2021-02-02 19:55:00+00:00,1489.37,1475.8442900636728,1505.3611758649463,95.87515956770494,0.01796101999999989,198,take_profit
2021-02-02 19:56:00+00:00,2021-02-02 20:08:00+00:00,1507.02,1507.0199999999998,1537.1603999999998,14.547717030567583,0.017961019999999887,13,take_profit
2021-02-02 20:09:00+00:00,2021-02-02 22:28:00+00:00,1535.87,1515.0935673895606,1545.395438737352,162.1100353959955,0.017961020000000143,140,take_profit
2021-02-02 22:29:00+00:00,2021-02-03 04:08:00+00:00,1540.61,1519.7694471902118,1550.164836134016,163.73086034662083,0.017961020000000234,340,take_profit
2021-02-03 04:09:00+00:00,2021-02-03 13:28:00+00:00,1554.53,1531.6022589600045,1562.2343041392046,182.0917227296868,0.017961019999999987,560,take_profit
2021-02-03 13:29:00+00:00,2021-02-03 15:21:00+00:00,1559.7,1545.5355883442735,1576.446300111159,99.55669082533313,0.017961019999999973,113,take_profit
2021-02-03 15:22:00+00:00,2021-02-03 16:04:00+00:00,1579.37,1579.37,1610.9574,15.106338004098802,0.017961020000000067,43,take_profit
2021-02-03 16:05:00+00:00,2021-02-03 17:17:00+00:00,1609.16,1594.546417477766,1626.4373458273215,100.2393653193667,0.017961020000000077,73,take_profit
2021-02-03 17:18:00+00:00,2021-02-03 21:36:00+00:00,1624.25,1609.4993776804424,1641.6893652340514,100.83616499141499,0.017961019999999894,259,take_profit
2021-02-03 21:37:00+00:00,2021-02-03 23:56:00+00:00,1644.0,1636.3947957087425,1669.1226916229175,49.754895351008145,0.017961020000000195,140,take_profit
2021-02-03 23:57:00+00:00,2021-02-04 06:32:00+00:00,1664.51,1649.3937565909644,1682.3816317227836,101.73274584205774,0.017961019999999907,396,take_profit
2021-02-04 06:33:00+00:00,2021-02-05 13:44:00+00:00,1682.79,1646.6061704127005,1679.5382938209546,224.0011145673925,0.01796102000000019,1872,take_profit
2021-02-05 13:45:00+00:00,2021-02-05 13:55:00+00:00,1685.92,1685.9200000000003,1719.6384000000003,15.637688399720332,0.01796102000000012,11,take_profit
2021-02-05 13:56:00+00:00,2021-02-05 16:03:00+00:00,1715.57,1715.57,1749.8814,15.651731841425317,0.017961020000000036,128,take_profit
2021-02-05 16:04:00+00:00,2021-02-08 15:23:00+00:00,1756.5,1691.4556391145354,1725.2847518968263,280.24353900799906,0.017961019999999873,4280,take_profit
2021-02-08 15:24:00+00:00,2021-02-08 16:03:00+00:00,1726.0,1725.9999999999998,1760.5199999999998,15.917460885306923,0.017961020000000046,40,take_profit
2021-02-08 16:04:00+00:00,2021-02-09 08:04:00+00:00,1763.41,1737.401490786708,1772.1495206024424,195.31152207325613,0.017961020000000185,961,take_profit
2021-02-09 08:05:00+00:00,2021-02-09 09:08:00+00:00,1778.63,1778.63,1814.2026,16.107155284681653,0.01796101999999983,64,take_profit
2021-02-09 09:09:00+00:00,2021-02-10 02:18:00+00:00,1814.05,1778.517387544589,1814.0877352954808,224.86674877324913,0.017961020000000123,1030,take_profit
2021-02-10 02:19:00+00:00,2021-02-10 06:10:00+00:00,1812.94,1788.4155117706773,1824.1838220060908,181.7356584941699,0.017961019999999963,232,take_profit
2021-02-10 06:11:00+00:00,2021-02-11 13:21:00+00:00,1820.74,1781.5899302451405,1817.2217288500433,239.24135176926575,0.017961020000000005,1792,take_profit
2021-02-11 13:22:00+00:00,2021-02-12 16:58:00+00:00,1811.0,1784.289586548068,1819.9753782790294,204.74950146274568,0.017961020000000057,1657,take_profit
2021-02-12 16:59:00+00:00,2021-02-12 20:03:00+00:00,1819.66,1819.6600000000003,1856.0532000000003,16.885496459777187,0.017961020000000046,185,take_profit
2021-02-12 20:04:00+00:00,2021-02-17 12:30:00+00:00,1856.62,1801.3123079752581,1837.3385541347634,283.3051459567723,0.017961020000000067,6747,take_profit
2021-02-17 12:31:00+00:00,2021-02-17 21:59:00+00:00,1833.64,1816.9878029182496,1853.3275589766147,113.73184633273286,0.017961019999999904,569,take_profit
2021-02-17 22:00:00+00:00,2021-02-18 01:06:00+00:00,1852.99,1844.4180003043446,1881.3063603104315,56.11792270009255,0.017961020000000022,187,take_profit
2021-02-18 01:07:00+00:00,2021-02-18 10:08:00+00:00,1884.78,1884.78,1922.4756,17.307616721319732,0.017961020000000067,542,take_profit
2021-02-18 10:09:00+00:00,2021-02-18 18:37:00+00:00,1924.71,1898.6735466480634,1936.6470175810248,192.86451292790844,0.01796102000000026,509,take_profit
2021-02-18 18:38:00+00:00,2021-02-19 16:20:00+00:00,1938.33,1912.1093025309476,1950.3514885815666,194.79283040609334,0.017961020000000077,1303,take_profit
2021-02-19 16:21:00+00:00,2021-02-20 02:46:00+00:00,1950.28,1932.5685370494773,1971.2199077904668,117.15414695001982,0.017961019999999907,626,take_profit
2021-02-20 02:47:00+00:00,2021-02-20 03:57:00+00:00,1970.0,1970.0000000000002,2009.4000000000003,17.776506307484965,0.017961020000000046,71,take_profit
2021-02-20 03:58:00+00:00,2021-02-20 13:26:00+00:00,2012.54,1994.2631230149286,2034.1483854752273,117.95748972216279,0.017961019999999953,569,take_profit
2021-02-20 13:27:00+00:00,2021-04-01 08:26:00+00:00,2036.61,1925.376029863102,1963.8835504603642,347.8919095431047,0.017961019999999994,57210,take_profit
2021-04-01 08:27:00+00:00,2021-04-01 18:49:00+00:00,1964.09,1935.1216642977333,1973.824097583688,223.25124995507758,0.017961020000000126,623,take_profit
2021-04-01 18:50:00+00:00,2021-04-02 02:10:00+00:00,1969.77,1960.6577717416114,1999.8709271764437,59.87087867603759,0.017961020000000157,441,take_profit
2021-04-02 02:11:00+00:00,2021-04-02 14:19:00+00:00,2000.0,1990.747926652971,2030.5628851860306,60.045721327759566,0.017961020000000022,729,take_profit
2021-04-02 14:20:00+00:00,2021-04-02 14:56:00+00:00,2030.22,2030.2200000000003,2070.8244000000004,18.51900926643384,0.017961019999999994,37,take_profit
2021-04-02 14:57:00+00:00,2021-04-02 20:35:00+00:00,2070.76,2051.954398230293,2092.993486194899,122.88443001256383,0.017961020000000136,339,take_profit
2021-04-02 20:36:00+00:00,2021-04-02 23:22:00+00:00,2091.62,2091.62,2133.4524,18.645996766481858,0.01796102000000007,167,take_profit
2021-04-02 23:23:00+00:00,2021-04-06 00:28:00+00:00,2135.24,2089.3274617225047,2131.1140109569546,270.81712022462307,0.01796101999999988,4386,take_profit
2021-04-06 00:29:00+00:00,2021-04-10 02:56:00+00:00,2131.83,2068.3239529418483,2109.690432000685,316.9197297086175,0.017961020000000036,5908,take_profit
2021-04-10 02:57:00+00:00,2021-04-10 03:40:00+00:00,2110.46,2110.46,2152.6692000000003,19.190559488343297,0.01796101999999998,44,take_profit
2021-04-10 03:41:00+00:00,2021-04-10 04:20:00+00:00,2141.11,2141.11,2183.9322,19.207793589482435,0.01796102000000005,40,take_profit
2021-04-10 04:21:00+00:00,2021-04-12 07:32:00+00:00,2188.11,2155.83759647802,2198.9543484075803,235.6847884635681,0.01796101999999988,3072,take_profit
2021-04-12 07:33:00+00:00,2021-04-13 08:33:00+00:00,2201.71,2169.237010269877,2212.6217504752744,238.2795460098023,0.01796102000000009,1501,take_profit
2021-04-13 08:34:00+00:00,2021-04-13 14:54:00+00:00,2209.29,2209.29,2253.4758,19.650687312261425,0.017961020000000064,381,take_profit
2021-04-13 14:55:00+00:00,2021-04-13 17:53:00+00:00,2254.97,2254.97,2300.0694,19.668334631652897,0.017961020000000074,179,take_profit
2021-04-13 17:54:00+00:00,2021-04-14 03:12:00+00:00,2301.87,2270.7315267353406,2316.1461572700473,219.1707754981744,0.01796102000000011,559,take_profit
2021-04-14 03:13:00+00:00,2021-04-14 04:38:00+00:00,2315.75,2315.75,2362.065,19.882824333343933,0.01796101999999992,86,take_profit
2021-04-14 04:39:00+00:00,2021-04-14 11:14:00+00:00,2365.27,2333.2738852503826,2379.93936295539,221.5609053762946,0.017961019999999887,396,take_profit
2021-04-14 11:15:00+00:00,2021-04-14 21:25:00+00:00,2380.22,2345.114168798146,2392.016452174109,246.40685857332937,0.017961019999999963,611,take_profit
2021-04-14 21:26:00+00:00,2021-04-14 23:06:00+00:00,2394.04,2394.04,2441.9208,20.32093904200201,0.01796101999999989,101,take_profit
2021-04-14 23:07:00+00:00,2021-04-15 03:34:00+00:00,2443.68,2421.4877261814026,2469.917480705031,134.84128527450866,0.017961020000000053,268,take_profit
2021-04-15 03:35:00+00:00,2021-04-15 19:51:00+00:00,2470.46,2437.0409308686367,2485.7817494860096,227.79114664419467,0.017961020000000265,977,take_profit
2021-04-15 19:52:00+00:00,2021-04-15 22:32:00+00:00,2485.48,2485.48,2535.1896,20.66485069974692,0.017961020000000136,161,take_profit
2021-04-15 22:33:00+00:00,2021-04-21 16:08:00+00:00,2539.99,2416.780319946749,2465.115926345684,393.2911878730265,0.017961020000000084,8106,take_profit
2021-04-21 16:09:00+00:00,2021-04-22 05:52:00+00:00,2463.79,2415.5306382175145,2463.841250981865,293.4216737866027,0.017961019999999973,824,take_profit
2021-04-22 05:53:00+00:00,2021-04-22 09:39:00+00:00,2469.19,2435.7881107532726,2484.503872968338,237.14124650702433,0.017961019999999963,227,take_profit
2021-04-22 09:40:00+00:00,2021-04-22 11:03:00+00:00,2482.45,2482.45,2532.0989999999997,21.513076895275617,0.017961019999999932,84,take_profit
2021-04-22 11:04:00+00:00,2021-04-22 12:10:00+00:00,2535.8,2535.8,2586.516,21.532396735494558,0.017961019999999984,67,take_profit
2021-04-22 12:11:00+00:00,2021-04-22 16:00:00+00:00,2584.4,2560.9297778527543,2612.1483734098097,142.88001380514288,0.017961020000000105,230,take_profit
2021-04-22 16:01:00+00:00,2021-04-27 06:57:00+00:00,2612.63,2515.882576954061,2566.2002284931423,387.8319602106749,0.01796102,6373,take_profit
2021-04-27 06:58:00+00:00,2021-04-27 14:28:00+00:00,2562.83,2550.974254432017,2601.9937395206575,71.63289934376053,0.017961020000000022,451,take_profit
2021-04-27 14:29:00+00:00,2021-04-27 16:01:00+00:00,2619.97,2619.97,2672.3694,22.09267034178083,0.017961020000000088,93,take_profit
2021-04-27 16:02:00+00:00,2021-04-28 00:12:00+00:00,2676.09,2636.6203863420315,2689.3527940688723,271.0830013786235,0.017961019999999998,491,take_profit
2021-04-28 00:13:00+00:00,2021-04-28 11:39:00+00:00,2689.04,2649.379386974719,2702.3669747142135,274.0674734273616,0.017961020000000005,687,take_profit
2021-04-28 11:40:00+00:00,2021-04-28 18:10:00+00:00,2704.46,2679.8994532625215,2733.497442327772,149.843443228845,0.01796102000000023,391,take_profit
2021-04-28 18:11:00+00:00,2021-04-28 21:46:00+00:00,2730.46,2693.523789132217,2747.3942649148617,253.13471078775729,0.01796102000000009,216,take_profit
2021-04-28 21:47:00+00:00,2021-04-29 09:16:00+00:00,2746.02,2705.5189897585456,2759.6293695537165,281.521366665047,0.017961020000000192,690,take_profit
2021-04-29 09:17:00+00:00,2021-04-30 06:24:00+00:00,2763.69,2722.928375177819,2777.3869426813753,284.62075927048863,0.017961020000000074,1268,take_profit
2021-04-30 06:25:00+00:00,2021-05-01 01:59:00+00:00,2778.98,2741.387436374329,2796.2151851018157,261.3260873128802,0.017961019999999994,1175,take_profit
2021-05-01 02:00:00+00:00,2021-05-01 05:15:00+00:00,2797.0,2797.0,2852.94,23.70708720609241,0.017961019999999904,196,take_profit
2021-05-01 05:16:00+00:00,2021-05-01 16:04:00+00:00,2854.69,2828.765139892617,2885.3404426904694,157.31035373793384,0.01796101999999987,649,take_profit
2021-05-01 16:05:00+00:00,2021-05-01 17:58:00+00:00,2877.65,2877.65,2935.203,23.869650099949695,0.017961019999999946,114,take_profit
2021-05-01 17:59:00+00:00,2021-05-02 18:48:00+00:00,2936.07,2892.7659449896114,2950.6212638894035,292.887020484568,0.017961019999999987,1490,take_profit
2021-05-02 18:49:00+00:00,2021-05-03 01:07:00+00:00,2950.54,2936.8906937533284,2995.628507628395,78.5455995106231,0.017961019999999845,379,take_profit
2021-05-03 01:08:00+00:00,2021-05-03 03:36:00+00:00,2995.0,2995.0,3054.9,24.224651698910975,0.01796102,149,take_profit
2021-05-03 03:37:00+00:00,2021-05-03 07:21:00+00:00,3056.0,3056.0,3117.12,24.24640667159383,0.01796102,225,take_profit
2021-05-03 07:22:00+00:00,2021-05-03 08:26:00+00:00,3118.2,3118.2,3180.564,24.268181181351792,0.017961020000000095,65,take_profit
2021-05-03 08:27:00+00:00,2021-05-03 15:29:00+00:00,3177.56,3130.6942123863496,3193.3080966340767,297.7771039383879,0.01796101999999983,423,take_profit
2021-05-03 15:30:00+00:00,2021-05-03 16:40:00+00:00,3187.34,3172.5952482690404,3236.0471532344213,79.85700803908003,0.017961020000000102,71,take_profit
2021-05-03 16:41:00+00:00,2021-05-03 17:12:00+00:00,3227.33,3227.33,3291.8766,24.629109937625344,0.017961020000000077,32,take_profit
2021-05-03 17:13:00+00:00,2021-05-03 22:00:00+00:00,3297.88,3267.9303110141777,3333.288917234461,163.42851244680423,0.017961020000000244,288,take_profit
2021-05-03 22:01:00+00:00,2021-05-03 23:13:00+00:00,3343.65,3343.65,3410.523,24.797995273465176,0.017961019999999987,73,take_profit
2021-05-03 23:14:00+00:00,2021-05-04 10:42:00+00:00,3414.71,3341.285933580514,3408.1116522521247,360.1696252235779,0.017961020000000234,689,take_profit
2021-05-04 10:43:00+00:00,2021-05-04 11:36:00+00:00,3410.0,3394.225214943316,3462.1097192421826,81.76363888428841,0.017961020000000123,54,take_profit
2021-05-04 11:37:00+00:00,2021-05-04 13:26:00+00:00,3465.44,3433.968615292543,3502.6479875983937,167.18032336427495,0.017961020000000053,110,take_profit
2021-05-04 13:27:00+00:00,2021-05-05 19:52:00+00:00,3511.67,3407.0592757524287,3475.2004612674773,425.2307785351404,0.017961020000000077,1826,take_profit
2021-05-05 19:53:00+00:00,2021-05-05 22:30:00+00:00,3476.11,3444.5417157141833,3513.432550028467,170.7073883073299,0.017961020000000123,158,take_profit
2021-05-05 22:31:00+00:00,2021-05-06 15:01:00+00:00,3511.65,3459.8567236894105,3529.0538581631986,317.5450102399518,0.017961020000000077,991,take_profit
2021-05-06 15:02:00+00:00,2021-05-06 16:24:00+00:00,3523.31,3523.31,3593.7762,26.187634684923296,0.01796101999999984,83,take_profit
2021-05-06 16:25:00+00:00,2021-05-08 13:35:00+00:00,3596.55,3519.2159581396368,3589.6002773024297,380.3529465163447,0.017961020000000234,2711,take_profit
2021-05-08 13:36:00+00:00,2021-05-08 14:30:00+00:00,3601.14,3601.14,3673.1628,26.552728860412117,0.017961020000000143,55,take_profit
2021-05-08 14:31:00+00:00,2021-05-08 16:08:00+00:00,3669.82,3636.49253883284,3709.222389609497,176.19284619096288,0.017961019999999717,98,take_profit
2021-05-08 16:09:00+00:00,2021-05-08 16:40:00+00:00,3704.78,3704.78,3778.8756000000003,26.734804726832635,0.01796102000000018,32,take_profit
2021-05-08 16:41:00+00:00,2021-05-08 20:21:00+00:00,3777.49,3777.49,3853.0398,26.75881394495218,0.01796102000000005,221,take_profit
2021-05-08 20:22:00+00:00,2021-05-08 22:01:00+00:00,3862.64,3844.7712857034153,3921.666711417484,87.09384321546622,0.017961019999999807,100,take_profit
2021-05-08 22:02:00+00:00,2021-05-09 03:19:00+00:00,3918.51,3865.5024805170137,3942.812530127354,299.0531284049175,0.017961019999999845,318,take_profit
2021-05-09 03:20:00+00:00,2021-05-09 06:31:00+00:00,3940.17,3882.0564882546123,3959.697618019705,332.58909910857983,0.01796102000000015,192,take_profit
2021-05-09 06:32:00+00:00,2021-05-09 16:07:00+00:00,3968.06,3890.3358258152643,3968.1425423315695,382.57408072426915,0.01796102000000003,576,take_profit
2021-05-09 16:08:00+00:00,2021-05-10 03:01:00+00:00,3968.18,3909.653369159753,3987.846436542948,340.46264525364677,0.01796102000000017,654,take_profit
2021-05-10 03:02:00+00:00,2021-05-10 03:44:00+00:00,3987.9,3987.9,4067.6580000000004,28.077630226429847,0.017961020000000164,43,take_profit
2021-05-10 03:45:00+00:00,2021-05-10 05:03:00+00:00,4062.44,4043.6470035760476,4124.519943647569,91.38628975982101,0.017961020000000084,79,take_profit
2021-05-10 05:04:00+00:00,2021-05-10 13:11:00+00:00,4128.51,4067.6186642515554,4148.971037536587,345.5261791951016,0.01796102000000047,488,take_profit
2021-05-10 13:12:00+00:00,2021-05-10 15:55:00+00:00,4145.64,4084.49601412321,4166.185934405674,349.3302289461644,0.017961019999999838,164,take_profit
2021-05-10 15:56:00+00:00,2021-05-11 20:43:00+00:00,4165.31,4041.2276984694895,4122.05225243888,482.9230502522587,0.01796102000000015,1728,take_profit
2021-05-11 20:44:00+00:00,2021-05-12 00:04:00+00:00,4120.84,4101.776843034315,4183.812379895001,95.09267105552772,0.017961020000000032,201,take_profit
2021-05-12 00:05:00+00:00,2021-05-12 02:34:00+00:00,4183.34,4163.98771574222,4247.267470057064,95.37037292218338,0.01796101999999982,150,take_profit
2021-05-12 02:35:00+00:00,2021-05-12 03:51:00+00:00,4245.72,4245.72,4330.6344,29.413666466733957,0.01796101999999988,77,take_profit
2021-05-12 03:52:00+00:00,2021-05-12 14:26:00+00:00,4331.78,4267.890637889116,4353.248450646898,360.9135909783108,0.017961020000000088,635,take_profit
2021-05-12 14:27:00+00:00,2021-05-19 12:44:00+00:00,4357.63,4053.941779067902,2432.3650674407413,-13296.994582740343,-0.40119939999999993,9978,stop_loss
2021-05-19 12:45:00+00:00,2021-05-19 12:45:00+00:00,2425.98,2425.98,2474.4996,17.82282096858546,0.017961020000000084,1,take_profit
2021-05-19 12:46:00+00:00,2021-05-19 13:27:00+00:00,2544.79,2421.347481839412,2469.7744314762003,339.2019875599253,0.017961020000000053,42,take_profit
2021-05-19 13:28:00+00:00,2021-05-19 13:28:00+00:00,2449.03,2415.9008245125274,2464.218841002778,201.99704833132455,0.017961020000000178,1,take_profit
2021-05-19 13:29:00+00:00,2021-05-19 13:32:00+00:00,2425.21,2389.4406119228274,2437.229424161284,224.6491005977441,0.017961020000000185,4,take_profit
2021-05-19 13:33:00+00:00,2021-05-19 13:33:00+00:00,2496.92,2496.92,2546.8584,18.52659745560095,0.01796101999999984,1,take_profit
2021-05-19 13:34:00+00:00,2021-05-19 13:34:00+00:00,2537.08,2514.039514314605,2564.3203046008975,122.9347820744506,0.017961020000000275,1,take_profit
2021-05-19 13:35:00+00:00,2021-05-19 13:39:00+00:00,2528.33,2491.0396964975575,2540.860490427509,228.6797719756396,0.01796102,5,take_profit
2021-05-19 13:40:00+00:00,2021-05-19 13:41:00+00:00,2532.39,2520.6750709883586,2571.088572408126,61.326684112058956,0.0179610199999999,2,take_profit
2021-05-19 13:42:00+00:00,2021-05-19 13:42:00+00:00,2579.25,2541.2086781358944,2592.0328516986124,231.87258066429058,0.017961019999999987,1,take_profit
2021-05-19 13:43:00+00:00,2021-05-19 13:44:00+00:00,2556.42,2533.2038781528936,2583.8679557159517,126.77383945856582,0.017961020000000053,2,take_profit
2021-05-19 13:45:00+00:00,2021-05-19 13:45:00+00:00,2560.92,2526.2772360937274,2576.802780815602,214.16258526432648,0.017961019999999998,1,take_profit
2021-05-19 13:46:00+00:00,2021-05-19 13:46:00+00:00,2500.04,2451.0705931793354,2500.092005042922,270.9914467295039,0.017961020000000213,1,take_profit
2021-05-19 13:47:00+00:00,2021-05-19 13:47:00+00:00,2364.03,2364.03,2411.3106000000002,19.671853416669364,0.01796102000000005,1,take_profit
2021-05-19 13:48:00+00:00,2021-05-19 13:51:00+00:00,2450.23,2414.0915922957884,2462.373424141704,241.3789272357044,0.017961020000000154,4,take_profit
2021-05-19 13:52:00+00:00,2021-05-19 13:52:00+00:00,2433.11,2433.11,2481.7722000000003,19.906290331284936,0.01796101999999998,1,take_profit
2021-05-19 13:53:00+00:00,2021-05-19 13:53:00+00:00,2469.79,2469.79,2519.1858,19.924167195223163,0.01796101999999991,1,take_profit
2021-05-19 13:54:00+00:00,2021-05-19 13:56:00+00:00,2515.95,2478.842288942911,2528.4191347217693,244.47488509509458,0.017961020000000043,3,take_profit
2021-05-19 13:57:00+00:00,2021-05-19 13:59:00+00:00,2497.79,2486.2351318572623,2535.9598344944075,65.56257215944743,0.017961020000000036,3,take_profit
2021-05-19 14:00:00+00:00,2021-05-19 14:07:00+00:00,2493.68,2419.3946398033745,2467.782532599442,338.95531762115206,0.017961019999999907,8,take_profit
2021-05-19 14:08:00+00:00,2021-05-19 14:08:00+00:00,2392.22,2359.8593199819343,2407.056506381573,228.510427793497,0.017961019999999838,1,take_profit
2021-05-19 14:09:00+00:00,2021-05-19 14:09:00+00:00,2411.3,2411.3,2459.5260000000003,20.730102742157214,0.01796101999999987,1,take_profit
2021-05-19 14:10:00+00:00,2021-05-19 14:10:00+00:00,2436.0,2424.7309746633186,2473.225594156585,67.47176170738112,0.017961019999999762,1,take_profit
2021-05-19 14:11:00+00:00,2021-05-19 14:13:00+00:00,2411.87,2389.966608616979,2437.765940789319,137.95803481986422,0.01796101999999999,3,take_profit
2021-05-19 14:14:00+00:00,2021-05-19 14:14:00+00:00,2380.04,2380.04,2427.6408,20.933205865856053,0.017961019999999914,1,take_profit
2021-05-19 14:15:00+00:00,2021-05-19 14:16:00+00:00,2422.4,2411.1938887620786,2459.4177665373204,68.13281610420154,0.017961019999999925,2,take_profit
2021-05-19 14:17:00+00:00,2021-05-19 14:17:00+00:00,2444.89,2422.686737569424,2471.1404723208125,139.30967828057328,0.017961020000000015,1,take_profit
2021-05-19 14:18:00+00:00,2021-05-19 14:20:00+00:00,2419.31,2419.31,2467.6962,21.13829889184194,0.017961020000000008,3,take_profit
2021-05-19 14:21:00+00:00,2021-05-19 14:23:00+00:00,2464.46,2464.46,2513.7492,21.157282162300135,0.01796102000000007,3,take_profit
2021-05-19 14:24:00+00:00,2021-05-19 14:50:00+00:00,2507.33,2458.2178006737263,2507.3821566872007,295.369925267878,0.017961019999999744,27,take_profit
2021-05-19 14:51:00+00:00,2021-05-19 14:57:00+00:00,2495.41,2483.866141824545,2533.543464661036,69.72471070181473,0.01796102000000015,7,take_profit
2021-05-19 14:58:00+00:00,2021-05-19 14:59:00+00:00,2558.95,2558.95,2610.129,21.504156083630278,0.01796101999999989,2,take_profit
2021-05-19 15:00:00+00:00,2021-05-19 15:00:00+00:00,2612.22,2588.497130592215,2640.267073204059,142.69262060512938,0.017961020000000074,1,take_profit
2021-05-19 15:01:00+00:00,2021-05-19 15:07:00+00:00,2575.92,2541.0743240704724,2591.895810551882,241.05462654954317,0.01796102000000008,7,take_profit
2021-05-19 15:08:00+00:00,2021-05-19 15:10:00+00:00,2594.99,2582.9854810925963,2634.6451907144483,71.11179713018419,0.017961020000000074,3,take_profit
2021-05-19 15:11:00+00:00,2021-05-19 15:15:00+00:00,2652.96,2617.072167919035,2669.413611277416,244.17576045721034,0.017961020000000195,5,take_profit
2021-05-19 15:16:00+00:00,2021-05-19 15:19:00+00:00,2665.48,2653.14939176748,2706.21237960283,72.03254046722304,0.01796101999999989,4,take_profit
2021-05-19 15:20:00+00:00,2021-05-19 15:37:00+00:00,2729.14,2675.683108538044,2729.196770708805,309.87102309231705,0.017961020000000223,18,take_profit
2021-05-19 15:38:00+00:00,2021-05-19 15:42:00+00:00,2688.14,2663.7276633017727,2717.0022165678083,149.12825257119948,0.017961020000000032,5,take_profit
2021-05-19 15:43:00+00:00,2021-05-19 15:51:00+00:00,2719.12,2719.12,2773.5024,22.628130471446866,0.01796101999999996,9,take_profit
2021-05-19 15:52:00+00:00,2021-05-19 16:01:00+00:00,2738.85,2713.9771405633865,2768.256683374654,150.15084636701613,0.017961019999999977,10,take_profit
2021-05-19 16:02:00+00:00,2021-05-19 16:03:00+00:00,2719.84,2683.0474508446823,2736.708399861576,253.65401548871523,0.017961019999999963,2,take_profit
2021-05-19 16:04:00+00:00,2021-05-19 16:04:00+00:00,2702.78,2702.78,2756.8356000000003,23.011089046639427,0.01796102000000008,1,take_profit
2021-05-19 16:05:00+00:00,2021-05-19 16:06:00+00:00,2731.54,2706.733526310134,2760.8681968363367,152.6919999219317,0.017961019999999783,2,take_profit
2021-05-19 16:07:00+00:00,2021-05-19 16:30:00+00:00,2704.33,2664.4438749804176,2717.732752480026,284.03329908297746,0.017961020000000216,24,take_profit
2021-05-19 16:31:00+00:00,2021-05-19 16:35:00+00:00,2723.26,2723.26,2777.7252000000003,23.423955769665554,0.017961020000000112,5,take_profit
2021-05-19 16:36:00+00:00,2021-05-19 16:40:00+00:00,2747.33,2747.33,2802.2766,23.444991676568407,0.01796102000000007,5,take_profit
2021-05-19 16:41:00+00:00,2021-05-19 16:47:00+00:00,2808.97,2808.97,2865.1494,23.466046474788527,0.01796102000000006,7,take_profit
2021-05-19 16:48:00+00:00,2021-05-19 17:01:00+00:00,2874.86,2832.458730416112,2889.1079050244343,287.9346955558267,0.01796101999999987,14,take_profit
2021-05-19 17:02:00+00:00,2021-05-19 17:17:00+00:00,2893.61,2854.4667826926147,2911.556118346467,264.36879581127687,0.01796102,16,take_profit
2021-05-19 17:18:00+00:00,2021-05-20 12:22:00+00:00,2910.12,2768.9560764740945,2824.3351980035764,456.0345262316405,0.017961020000000032,1145,take_profit
2021-05-20 12:23:00+00:00,2021-05-20 12:39:00+00:00,2827.42,2814.3402513885717,2870.6270564163433,79.32131381659656,0.017961020000000036,17,take_profit
2021-05-20 12:40:00+00:00,2021-05-20 13:03:00+00:00,2865.87,2865.87,2923.1874,24.46389373152806,0.01796102,24,take_profit
2021-05-20 13:04:00+00:00,2021-05-20 13:20:00+00:00,2931.87,2918.3070618580227,2976.6732030951835,79.62440074798178,0.017961019999999963,17,take_profit
2021-05-20 13:21:00+00:00,2021-05-21 00:43:00+00:00,2979.0,2868.6856526741826,2926.0593657276663,439.30406920936,0.017961019999999904,683,take_profit
2021-05-21 00:44:00+00:00,2021-05-26 01:44:00+00:00,2916.06,2712.8364418889973,2767.0931707267773,499.0377557426218,0.017961019999999918,7261,take_profit
2021-05-26 01:45:00+00:00,2021-05-26 02:20:00+00:00,2762.05,2762.05,2817.291,25.400049142713442,0.01796101999999987,36,take_profit
2021-05-26 02:21:00+00:00,2021-05-26 04:00:00+00:00,2818.57,2792.9731635824323,2848.832626854081,168.54414381933566,0.01796101999999991,100,take_profit
2021-05-26 04:01:00+00:00,2021-05-26 06:25:00+00:00,2844.25,2805.7744985238055,2861.8899884942816,284.72632623317804,0.01796102000000024,145,take_profit
2021-05-26 06:26:00+00:00,2021-05-26 23:30:00+00:00,2865.28,2803.6699338361304,2859.743332512853,374.8208344842096,0.01796102000000018,1025,take_profit
2021-05-26 23:31:00+00:00,2021-05-27 13:25:00+00:00,2857.63,2796.184426313708,2852.1081148399826,379.7053938414174,0.017961019999999713,835,take_profit
2021-05-27 13:26:00+00:00,2021-06-02 14:37:00+00:00,2854.9,2716.4146848672535,2770.7429785645986,504.03563562563795,0.01796102000000026,8712,take_profit
2021-06-02 14:38:00+00:00,2021-06-03 05:04:00+00:00,2770.88,2730.0123299692495,2784.6125765686347,330.51174339110366,0.017961020000000067,867,take_profit
2021-06-03 05:05:00+00:00,2021-06-03 06:41:00+00:00,2783.21,2783.21,2838.8742,27.25698882329516,0.017961020000000206,97,take_profit
2021-06-03 06:42:00+00:00,2021-06-03 10:03:00+00:00,2839.21,2826.0757104161908,2882.5972246245146,88.71528895059964,0.017961019999999845,202,take_profit
2021-06-03 10:04:00+00:00,2021-06-07 13:01:00+00:00,2877.11,2791.4024702947795,2847.2305197006754,458.653740292124,0.01796101999999975,5938,take_profit
2021-06-07 13:02:00+00:00,2021-08-01 20:19:00+00:00,2842.39,2644.3005884861295,2697.186600255852,555.4606458688977,0.017961019999999897,79638,take_profit
2021-08-01 20:20:00+00:00,2021-08-04 15:08:00+00:00,2695.41,2615.115213689172,2667.4175179629556,473.9202138518813,0.017961020000000095,4009,take_profit
2021-08-04 15:09:00+00:00,2021-08-04 16:13:00+00:00,2664.84,2664.84,2718.1368,28.697468803898346,0.017961020000000116,65,take_profit
2021-08-04 16:14:00+00:00,2021-08-04 22:04:00+00:00,2716.0,2691.334652781334,2745.161345836961,190.42444690398042,0.017961020000000116,351,take_profit
2021-08-04 22:05:00+00:00,2021-08-05 14:05:00+00:00,2747.07,2688.001718904686,2741.76175328278,419.2876934000451,0.01796101999999978,961,take_profit
2021-08-05 14:06:00+00:00,2021-08-05 14:12:00+00:00,2740.51,2727.832300235867,2782.3889462405846,95.18428304582085,0.017961020000000057,7,take_profit
2021-08-05 14:13:00+00:00,2021-08-05 17:56:00+00:00,2785.5,2760.203488704862,2815.4075584789593,194.6212208255165,0.017961019999999852,224,take_profit
2021-08-05 17:57:00+00:00,2021-08-06 15:58:00+00:00,2813.3,2771.8066779876754,2827.242811547429,362.0288387793116,0.017961020000000136,1322,take_profit
2021-08-06 15:59:00+00:00,2021-08-06 17:50:00+00:00,2844.76,2844.76,2901.6552,29.85617367501891,0.017961020000000005,112,take_profit
2021-08-06 17:51:00+00:00,2021-08-07 04:04:00+00:00,2901.83,2888.406027999695,2946.174148559689,97.17504349838146,0.017961019999999744,614,take_profit
2021-08-07 04:05:00+00:00,2021-08-07 09:06:00+00:00,2947.03,2947.03,3005.9706,29.97025418663293,0.017961020000000143,302,take_profit
2021-08-07 09:07:00+00:00,2021-08-07 10:02:00+00:00,3009.37,2995.4485440158255,3055.357514896142,97.54634957393864,0.01796101999999998,56,take_profit
2021-08-07 10:03:00+00:00,2021-08-07 12:01:00+00:00,3053.5,3053.5,3114.57,30.084770600156617,0.017961020000000088,119,take_profit
2021-08-07 12:02:00+00:00,2021-08-07 21:32:00+00:00,3111.39,3065.500152782879,3126.8101558385365,369.1482190206116,0.01796102000000011,571,take_profit
2021-08-07 21:33:00+00:00,2021-08-07 23:43:00+00:00,3127.81,3085.4986496361935,3147.2086226289175,338.9354310009985,0.017961020000000022,131,take_profit
2021-08-07 23:44:00+00:00,2021-08-08 06:27:00+00:00,3149.38,3106.7768621467535,3168.9123993896887,342.3242095049027,0.017961020000000022,404,take_profit
2021-08-08 06:28:00+00:00,2021-08-09 11:24:00+00:00,3169.27,3074.8591840531426,3136.3563677342054,520.5756266754361,0.0179610199999997,1737,take_profit
2021-08-09 11:25:00+00:00,2021-08-09 15:36:00+00:00,3135.58,3107.104238058945,3169.246322820124,208.98323953018553,0.017961020000000005,252,take_profit
2021-08-09 15:37:00+00:00,2021-08-09 23:16:00+00:00,3162.76,3116.1124973775636,3178.434747325115,388.744655955481,0.017961020000000123,460,take_profit
2021-08-09 23:17:00+00:00,2021-08-10 13:01:00+00:00,3177.22,3130.359227041553,3192.966411582384,393.02451693494004,0.017961020000000053,825,take_profit
2021-08-10 13:02:00+00:00,2021-08-11 06:26:00+00:00,3192.11,3145.029614641609,3207.9302069344412,397.35149678722155,0.017961020000000088,1045,take_profit
2021-08-11 06:27:00+00:00,2021-08-11 07:05:00+00:00,3208.23,3179.0944672653386,3242.6763566106456,217.24765695887072,0.01796102000000009,39,take_profit
2021-08-11 07:06:00+00:00,2021-08-13 07:03:00+00:00,3238.82,3142.3373276795605,3205.184074233152,552.5793253926458,0.01796102000000006,2608,take_profit
2021-08-13 07:04:00+00:00,2021-08-13 20:06:00+00:00,3204.25,3189.4270219888913,3253.2155624286693,108.8087304886376,0.017961020000000126,783,take_profit
2021-08-13 20:07:00+00:00,2021-08-14 09:41:00+00:00,3263.48,3263.48,3328.7496,33.5582593335655,0.017961019999999904,815,take_profit
2021-08-14 09:42:00+00:00,2021-08-16 00:06:00+00:00,3324.42,3259.303091701432,3324.489153535461,468.4959285147597,0.017961020000000036,2305,take_profit
2021-08-16 00:07:00+00:00,2021-08-20 14:44:00+00:00,3322.14,3223.175270554515,3287.6387759656054,570.093779870931,0.01796102000000002,6638,take_profit
2021-08-20 14:45:00+00:00,2021-08-23 03:00:00+00:00,3289.0,3240.490585398452,3305.300397106421,423.2031502210775,0.017961020000000112,3616,take_profit
2021-08-23 03:01:00+00:00,2021-08-23 14:16:00+00:00,3308.33,3308.3300000000004,3374.4966000000004,34.901160900383275,0.017961020000000077,676,take_profit
2021-08-23 14:17:00+00:00,2021-08-30 19:03:00+00:00,3370.43,3270.0267379264737,3335.427272685003,585.5722694619762,0.01796102000000013,10367,take_profit
2021-08-30 19:04:00+00:00,2021-08-31 07:43:00+00:00,3336.53,3287.319566098965,3353.0659574209444,434.69344495307087,0.017961020000000123,760,take_profit
2021-08-31 07:44:00+00:00,2021-08-31 11:32:00+00:00,3351.4,3335.8963006923836,3402.6142267062314,116.57483892829532,0.017961019999999897,229,take_profit
2021-08-31 11:33:00+00:00,2021-08-31 14:02:00+00:00,3402.7,3402.7,3470.754,35.95344471860153,0.017961020000000057,150,take_profit
2021-08-31 14:03:00+00:00,2021-09-01 05:11:00+00:00,3466.59,3415.4613129937425,3483.7705392536172,441.158427362534,0.017961019999999977,909,take_profit
2021-09-01 05:12:00+00:00,2021-09-01 09:16:00+00:00,3487.81,3487.81,3557.5662,36.38191551243608,0.01796102000000016,245,take_profit
2021-09-01 09:17:00+00:00,2021-09-01 16:31:00+00:00,3554.0,3537.559065662329,3608.3102469755754,118.4148464889704,0.017961019999999845,435,take_profit
2021-09-01 16:32:00+00:00,2021-09-01 16:43:00+00:00,3618.43,3618.43,3690.7986,36.52093089934783,0.017961019999999977,12,take_profit
2021-09-01 16:44:00+00:00,2021-09-01 16:46:00+00:00,3696.68,3696.68,3770.6135999999997,36.55372855786277,0.0179610199999999,3,take_profit
2021-09-01 16:47:00+00:00,2021-09-01 23:54:00+00:00,3790.0,3734.101343466139,3808.7833703354618,448.52407136612237,0.017961020000000133,428,take_profit
2021-09-01 23:55:00+00:00,2021-09-03 08:48:00+00:00,3812.73,3756.496099016795,3831.626020997131,453.462070234993,0.017961020000000032,1974,take_profit
2021-09-03 08:49:00+00:00,2021-09-03 09:16:00+00:00,3850.89,3850.89,3927.9078,37.396585226798834,0.017961019999999862,28,take_profit
2021-09-03 09:17:00+00:00,2021-09-03 14:32:00+00:00,3950.15,3931.876461234117,4010.5139904587995,121.71736524783864,0.01796101999999998,316,take_profit
2021-09-03 14:33:00+00:00,2021-10-15 17:00:00+00:00,4009.88,3790.8715142454635,3866.6889445303727,729.6562178060412,0.01796102000000011,60508,take_profit
2021-10-15 17:01:00+00:00,2021-10-16 08:27:00+00:00,3859.98,3842.1235909609677,3918.9660627801873,124.20365604829749,0.017961020000000112,927,take_profit
2021-10-16 08:28:00+00:00,2021-10-20 12:32:00+00:00,3916.4,3832.18845239412,3908.8322214420023,555.8667924646907,0.017961020000000303,6005,take_profit
2021-10-20 12:33:00+00:00,2021-10-20 13:49:00+00:00,3910.6,3910.5999999999995,3988.8119999999994,38.80548411155132,0.01796102000000001,77,take_profit
2021-10-20 13:50:00+00:00,2021-10-20 14:50:00+00:00,3983.39,3983.3899999999994,4063.0577999999996,38.8403334153636,0.017961020000000206,61,take_profit
2021-10-20 14:51:00+00:00,2021-10-20 16:24:00+00:00,4069.75,4032.79057553639,4113.446387047118,257.7282706961978,0.01796102000000021,94,take_profit
2021-10-20 16:25:00+00:00,2021-10-20 23:34:00+00:00,4109.3,4071.9814023101385,4153.421030356341,259.2627192328491,0.01796102000000009,430,take_profit
2021-10-20 23:35:00+00:00,2021-10-21 09:11:00+00:00,4158.5,4139.26262649319,4222.047879023054,127.92622036891316,0.017961019999999873,577,take_profit
2021-10-21 09:12:00+00:00,2021-10-21 10:40:00+00:00,4220.56,4220.56,4304.971200000001,39.45438256125226,0.017961019999999914,89,take_profit
2021-10-21 10:41:00+00:00,2021-10-21 11:34:00+00:00,4303.67,4245.452240858555,4330.361285675726,439.65326931315576,0.017961020000000057,54,take_profit
2021-10-21 11:35:00+00:00,2021-10-21 11:40:00+00:00,4218.51,4218.51,4302.8802000000005,39.88464566712628,0.017961020000000164,6,take_profit
2021-10-21 11:41:00+00:00,2021-10-26 20:18:00+00:00,4305.28,4177.028068899246,4260.568630277231,669.1852613913798,0.01796101999999996,7718,take_profit
2021-10-26 20:19:00+00:00,2021-10-27 04:33:00+00:00,4264.0,4201.110324152933,4285.132530635991,496.7626743208093,0.01796101999999976,495,take_profit
2021-10-27 04:34:00+00:00,2021-10-28 19:42:00+00:00,4287.99,4160.25312852109,4243.458191091511,686.7374365458672,0.017961019999999713,2349,take_profit
2021-10-28 19:43:00+00:00,2021-10-29 00:46:00+00:00,4230.74,4230.74,4315.3548,41.58427006429383,0.01796102000000008,304,take_profit
2021-10-29 00:47:00+00:00,2021-10-29 15:15:00+00:00,4326.28,4306.266470060108,4392.39179946131,135.34732535828425,0.01796101999999996,869,take_profit
2021-10-29 15:16:00+00:00,2021-11-01 14:00:00+00:00,4383.73,4297.863910752649,4383.821188967701,582.2398309089731,0.017961020000000064,4245,take_profit
2021-11-01 14:01:00+00:00,2021-11-02 09:39:00+00:00,4364.02,4304.985858151659,4391.0855753146925,470.5619645814186,0.017961019999999918,1179,take_profit
2021-11-02 09:40:00+00:00,2021-11-02 13:57:00+00:00,4394.99,4394.99,4482.8898,42.68863336573622,0.017961019999999914,258,take_profit
2021-11-02 13:58:00+00:00,2021-11-02 22:27:00+00:00,4485.75,4464.998755991783,4554.2987311116185,138.94177630916147,0.017961019999999994,510,take_profit
2021-11-02 22:28:00+00:00,2021-11-03 18:13:00+00:00,4554.17,4492.563610070198,4582.4148822716015,477.08278033609895,0.01796101999999999,1186,take_profit
2021-11-03 18:14:00+00:00,2021-11-07 09:50:00+00:00,4579.99,4490.279677947323,4580.085271506269,603.6785215935088,0.017961020000000043,5257,take_profit
2021-11-07 09:51:00+00:00,2021-11-08 00:33:00+00:00,4577.79,4577.79,4669.3458,43.822325504734636,0.01796102000000003,883,take_profit
2021-11-08 00:34:00+00:00,2021-11-08 15:47:00+00:00,4673.66,4673.66,4767.1332,43.86168018797662,0.017961020000000084,914,take_profit
2021-11-08 15:48:00+00:00,2021-11-10 14:07:00+00:00,4771.24,4727.909995852877,4822.468195769934,291.0478358613982,0.017961019999999817,2780,take_profit
2021-11-10 14:08:00+00:00,2021-11-12 02:11:00+00:00,4812.01,4708.540791238133,4802.711607062896,640.8461610443192,0.017961019999999935,2164,take_profit
2021-11-12 02:12:00+00:00,2021-11-30 15:10:00+00:00,4800.66,4622.888373738448,4715.3461412132165,800.3123696085459,0.017961019999999984,26699,take_profit
2021-11-30 15:11:00+00:00,2021-12-01 02:49:00+00:00,4717.62,4648.039889172223,4741.000686955668,557.2652236329886,0.01796102000000015,699,take_profit
2021-12-01 02:50:00+00:00,2022-01-21 21:39:00+00:00,4746.47,4415.683074536488,2649.4098447218926,-20531.098980538845,-0.40119940000000004,74570,stop_loss
2022-01-21 21:40:00+00:00,2022-01-22 00:02:00+00:00,2642.43,2563.713458846216,2614.9877280231403,461.30263460955393,0.017961020000000126,143,take_profit
2022-01-22 00:03:00+00:00,2022-01-22 00:39:00+00:00,2597.72,2574.1288123060112,2625.6113885521313,185.18830702885862,0.017961019999999876,37,take_profit
2022-01-22 00:40:00+00:00,2022-01-26 13:24:00+00:00,2620.99,2523.93300060507,2574.4116606171715,502.67313258416834,0.017961020000000244,6525,take_profit
2022-01-26 13:25:00+00:00,2022-01-26 13:52:00+00:00,2584.52,2584.52,2636.2104,28.551166440181987,0.017961019999999998,28,take_profit
2022-01-26 13:53:00+00:00,2022-01-26 19:00:00+00:00,2632.93,2594.0969525731657,2645.978891624629,350.3304838993645,0.017961020000000036,308,take_profit
2022-01-26 19:01:00+00:00,2022-01-26 19:02:00+00:00,2627.74,2627.74,2680.2947999999997,28.891421485151113,0.017961020000000032,2,take_profit
2022-01-26 19:03:00+00:00,2022-01-31 16:05:00+00:00,2693.77,2594.0179088969894,2645.898267074929,517.2995733635871,0.017961020000000088,7023,take_profit
2022-01-31 16:06:00+00:00,2022-01-31 16:56:00+00:00,2634.9,2634.9,2687.598,29.38192885426588,0.01796101999999995,51,take_profit
2022-01-31 16:57:00+00:00,2022-02-01 03:08:00+00:00,2681.79,2669.3839411093354,2722.7716199315223,95.63148464897404,0.017961019999999925,612,take_profit
2022-02-01 03:09:00+00:00,2022-02-01 09:01:00+00:00,2721.02,2721.02,2775.4404,29.494197275276065,0.017961020000000067,353,take_profit
2022-02-01 09:02:00+00:00,2022-02-01 13:15:00+00:00,2774.58,2737.046957234483,2791.7878963791727,328.6636215307808,0.017961019999999876,254,take_profit
2022-02-01 13:16:00+00:00,2022-02-04 06:02:00+00:00,2787.47,2727.5330266047995,2782.0836871368956,432.66098543302724,0.017961020000000216,3887,take_profit
2022-02-04 06:03:00+00:00,2022-02-04 08:00:00+00:00,2782.88,2782.88,2838.5376,30.204392893241675,0.01796102,118,take_profit
2022-02-04 08:01:00+00:00,2022-02-04 15:04:00+00:00,2823.84,2785.6405941501143,2841.3534060331167,336.5775668271235,0.01796102000000019,424,take_profit
2022-02-04 15:05:00+00:00,2022-02-04 15:20:00+00:00,2842.03,2842.03,2898.8706,30.533781798950486,0.017961019999999987,16,take_profit
2022-02-04 15:21:00+00:00,2022-02-04 16:29:00+00:00,2895.78,2882.3840155215703,2940.031695832002,99.38050356954409,0.017961019999999998,69,take_profit
2022-02-04 16:30:00+00:00,2022-02-05 00:42:00+00:00,2943.29,2943.29,3002.1558,30.65045145283989,0.017961019999999953,493,take_profit
2022-02-05 00:43:00+00:00,2022-02-05 14:56:00+00:00,3010.96,2983.615974277793,3043.288293763349,203.38362610124932,0.017961019999999918,854,take_profit
2022-02-05 14:57:00+00:00,2022-02-06 23:43:00+00:00,3041.93,2997.064617342996,3057.005909689856,378.3284149171632,0.017961020000000164,1967,take_profit
2022-02-06 23:44:00+00:00,2022-02-07 04:21:00+00:00,3062.97,3021.535770675384,3081.9664860888915,347.3642774441032,0.017961019999999942,278,take_profit
2022-02-07 04:22:00+00:00,2022-02-07 14:51:00+00:00,3080.53,3066.279355246139,3127.6049423510617,102.47344505043657,0.017961019999999966,630,take_profit
2022-02-07 14:52:00+00:00,2022-02-07 18:11:00+00:00,3125.89,3111.4295182226274,3173.65810858708,102.77270120401045,0.017961019999999755,200,take_profit
2022-02-07 18:12:00+00:00,2022-02-08 05:54:00+00:00,3161.0,3132.2933863924145,3194.939254120263,210.13709339211346,0.01796101999999998,703,take_profit
2022-02-08 05:55:00+00:00,2022-02-09 14:42:00+00:00,3193.56,3146.4582286120644,3209.387393184306,390.89102196830936,0.017961020000000154,1968,take_profit
2022-02-09 14:43:00+00:00,2022-02-09 19:28:00+00:00,3213.09,3183.9103311874733,3247.588537811223,213.71546184044382,0.017961019999999946,286,take_profit
2022-02-09 19:29:00+00:00,2022-02-10 10:28:00+00:00,3249.67,3201.7406630136174,3265.77547627389,397.5474007978046,0.017961020000000105,900,take_profit
2022-02-10 10:29:00+00:00,2022-02-10 15:42:00+00:00,3260.67,3196.801791596161,3260.737827428084,457.2949979785408,0.01796101999999998,314,take_profit
2022-02-10 15:43:00+00:00,2022-03-25 01:31:00+00:00,3257.91,3079.972022847427,3141.571463304376,645.2324626584523,0.017961020000000296,61069,take_profit
2022-03-25 01:32:00+00:00,2022-03-25 12:31:00+00:00,3133.05,3118.5563958000457,3180.927523716047,109.83286225421944,0.017961020000000147,660,take_profit
2022-03-25 12:32:00+00:00,2022-03-27 18:20:00+00:00,3172.32,3125.531497072428,3188.042127013877,415.27158334692285,0.017961020000000157,3229,take_profit
2022-03-27 18:21:00+00:00,2022-03-27 20:38:00+00:00,3187.99,3173.2422413452027,3236.7070861721068,111.36633989360598,0.017961020000000116,138,take_profit
2022-03-27 20:39:00+00:00,2022-03-28 00:33:00+00:00,3238.55,3238.55,3303.3210000000004,34.34706478419889,0.01796102000000009,235,take_profit
2022-03-28 00:34:00+00:00,2022-03-28 13:29:00+00:00,3315.53,3300.192236627863,3366.1960813604205,111.79187094691224,0.017961020000000154,776,take_profit
2022-03-28 13:30:00+00:00,2022-03-28 18:45:00+00:00,3362.55,3346.9947203834736,3413.9346147911433,112.11833996807127,0.01796101999999996,316,take_profit
2022-03-28 18:46:00+00:00,2022-03-29 09:08:00+00:00,3410.07,3359.774925676405,3426.970424189933,423.91283997499704,0.017961019999999692,863,take_profit
2022-03-29 09:09:00+00:00,2022-03-30 18:03:00+00:00,3426.0,3375.469974331133,3442.979373817756,428.579882967646,0.01796102000000029,1975,take_profit
2022-03-30 18:04:00+00:00,2022-04-01 15:02:00+00:00,3444.62,3370.5528002466112,3437.9638562515433,512.8890540020584,0.017961020000000074,2699,take_profit
2022-04-01 15:03:00+00:00,2022-04-02 00:45:00+00:00,3433.31,3417.4273820284557,3485.7759296690247,116.43312612243972,0.017961020000000005,583,take_profit
2022-04-02 00:46:00+00:00,2022-04-03 09:47:00+00:00,3487.34,3440.165118988137,3508.9684213678997,399.795086901122,0.01796102000000009,1982,take_profit
2022-04-03 09:48:00+00:00,2022-04-03 22:19:00+00:00,3503.61,3487.4021716503075,3557.150215083314,117.94068224412877,0.017961019999999987,752,take_profit
2022-04-03 22:20:00+00:00,2022-05-12 03:56:00+00:00,3560.45,3312.3181654436735,1987.390899266204,-16250.195582210956,-0.4011994000000001,55057,stop_loss
2022-05-12 03:57:00+00:00,2022-05-12 10:40:00+00:00,1990.92,1931.6115845967952,1970.243816288731,365.1172322582461,0.017961020000000112,404,take_profit
2022-05-12 10:41:00+00:00,2022-05-12 11:23:00+00:00,1967.77,1967.77,2007.1254000000001,22.109080972375523,0.017961020000000213,43,take_profit
2022-05-12 11:24:00+00:00,2022-05-12 14:57:00+00:00,2012.99,1973.5606603750628,2013.031873582564,308.65767845117807,0.01796102000000005,214,take_profit
2022-05-12 14:58:00+00:00,2022-05-12 15:10:00+00:00,2009.44,2009.44,2049.6288,22.406126391442285,0.017961019999999953,13,take_profit
2022-05-12 15:11:00+00:00,2022-05-13 00:57:00+00:00,2041.66,1980.8400678118117,2020.456869168048,375.9303685724917,0.01796102000000025,587,take_profit
2022-05-13 00:58:00+00:00,2022-05-13 02:25:00+00:00,2020.45,2011.1033242029978,2051.3253906870577,74.02467714012437,0.017961020000000265,88,take_profit
2022-05-13 02:26:00+00:00,2022-05-13 03:05:00+00:00,2054.28,2054.28,2095.3656,22.830330814411354,0.017961019999999835,40,take_profit
2022-05-13 03:06:00+00:00,2022-05-13 05:16:00+00:00,2092.05,2082.372099977174,2124.0195419767174,74.30752560999372,0.017961019999999783,131,take_profit
2022-05-13 05:17:00+00:00,2022-05-13 12:33:00+00:00,2119.05,2087.796161443779,2129.5520846726545,280.95237783415723,0.017961019999999966,437,take_profit
2022-05-13 12:34:00+00:00,2022-05-13 14:02:00+00:00,2128.83,2100.0323198356095,2142.032966232322,257.9579430848062,0.017961020000000074,89,take_profit
2022-05-13 14:03:00+00:00,2022-05-15 20:13:00+00:00,2141.11,2077.3275068290254,2118.874056965606,392.27905637026925,0.017961020000000036,3251,take_profit
2022-05-15 20:14:00+00:00,2022-05-15 22:03:00+00:00,2115.7,2115.7,2158.0139999999997,23.753821114975153,0.017961019999999862,110,take_profit
2022-05-15 22:04:00+00:00,2022-06-13 09:02:00+00:00,2157.67,2007.299508779186,1204.3797052675116,-10621.420411457666,-0.4011994000000001,40979,stop_loss
2022-06-13 09:03:00+00:00,2022-06-13 09:10:00+00:00,1206.61,1190.287621574689,1214.0933740061828,158.50054653247935,0.017961019999999932,8,take_profit
2022-06-13 09:11:00+00:00,2022-06-13 09:13:00+00:00,1211.39,1211.39,1235.6178000000002,14.378917610165558,0.017961020000000025,3,take_profit
2022-06-13 09:14:00+00:00,2022-06-13 09:18:00+00:00,1233.48,1233.48,1258.1496,14.391830611504247,0.017961019999999977,5,take_profit
2022-06-13 09:19:00+00:00,2022-06-13 12:17:00+00:00,1257.84,1233.2021227359144,1257.8661651906327,200.91965969819648,0.017961020000000067,179,take_profit
2022-06-13 12:18:00+00:00,2022-06-13 16:09:00+00:00,1245.83,1221.4273680023566,1245.8559153624037,203.4364091705629,0.017961019999999855,232,take_profit
2022-06-13 16:10:00+00:00,2022-06-13 16:11:00+00:00,1239.76,1239.76,1264.5552,14.767887581380478,0.017961020000000077,2,take_profit
2022-06-13 16:12:00+00:00,2022-06-13 20:30:00+00:00,1269.95,1251.2195253653888,1276.2439158726966,181.20594874453673,0.01796101999999982,259,take_profit
2022-06-13 20:31:00+00:00,2022-06-14 15:46:00+00:00,1277.95,1230.6266632544382,1255.239196519527,267.3294461168607,0.01796102000000001,1156,take_profit
2022-06-14 15:47:00+00:00,2022-06-15 21:46:00+00:00,1251.25,1204.9153819766934,1229.0136896162273,271.62412963938914,0.01796101999999994,1800,take_profit
2022-06-15 21:47:00+00:00,2022-06-16 00:03:00+00:00,1229.63,1223.9416865251462,1248.420520255649,50.169212272308414,0.017961019999999862,137,take_profit
2022-06-16 00:04:00+00:00,2022-06-24 11:31:00+00:00,1242.91,1175.0257149268382,1198.526229225375,300.7481931800248,0.01796101999999981,12208,take_profit
2022-06-24 11:32:00+00:00,2022-06-24 12:10:00+00:00,1182.45,1182.45,1206.0990000000002,15.743031605612146,0.01796102000000006,39,take_profit
2022-06-24 12:11:00+00:00,2022-06-24 17:31:00+00:00,1211.29,1194.9043130234334,1218.802399283902,175.42982211322487,0.01796101999999991,321,take_profit
2022-06-24 17:32:00+00:00,2022-06-24 20:05:00+00:00,1216.84,1211.2108535342006,1235.4350706048847,51.75229407238112,0.017961019999999932,154,take_profit
2022-06-24 20:06:00+00:00,2022-06-25 21:39:00+00:00,1238.32,1220.0560357891793,1244.457156504963,195.67237582800954,0.01796102000000024,1534,take_profit
2022-06-25 21:40:00+00:00,2022-06-26 11:40:00+00:00,1250.88,1239.5201364032089,1264.3105391312731,106.98176683344354,0.017961020000000105,841,take_profit
2022-06-26 11:41:00+00:00,2022-07-07 14:35:00+00:00,1258.35,1197.3100349233628,1221.25623562183,308.66729176196895,0.017961019999999994,16015,take_profit
2022-07-07 14:36:00+00:00,2022-07-07 19:39:00+00:00,1221.46,1221.46,1245.8892,16.510188603016445,0.017961019999999904,304,take_profit
2022-07-07 19:40:00+00:00,2022-07-08 01:27:00+00:00,1244.77,1233.4656243529535,1258.1349368400126,109.5547330147383,0.017961020000000227,348,take_profit
2022-07-08 01:28:00+00:00,2022-07-15 09:19:00+00:00,1263.64,1202.3434279259016,1226.3902964844197,316.0908979191918,0.017961020000000084,10552,take_profit
2022-07-15 09:20:00+00:00,2022-07-15 18:42:00+00:00,1226.08,1214.9453575412879,1239.2442646921136,112.08891878238683,0.017961020000000005,563,take_profit
2022-07-15 18:43:00+00:00,2022-07-15 19:43:00+00:00,1240.24,1240.24,1265.0448000000001,17.00792864450898,0.01796102000000003,61,take_profit
2022-07-15 19:44:00+00:00,2022-07-16 15:47:00+00:00,1266.43,1241.6238665461779,1266.4563438771015,237.4421522647972,0.01796102000000016,1204,take_profit
2022-07-16 15:48:00+00:00,2022-07-16 16:06:00+00:00,1265.3,1265.3,1290.606,17.236437794119638,0.01796102,19,take_profit
2022-07-16 16:07:00+00:00,2022-07-16 16:12:00+00:00,1305.44,1305.44,1331.5488,17.25191699431707,0.017961019999999987,6,take_profit
2022-07-16 16:13:00+00:00,2022-07-16 16:14:00+00:00,1330.61,1330.61,1357.2222,17.267410095625905,0.017961020000000164,2,take_profit
2022-07-16 16:15:00+00:00,2022-07-16 16:15:00+00:00,1384.89,1378.4834480712168,1406.0531170326412,56.201486011277666,0.01796102000000005,1,take_profit
2022-07-16 16:16:00+00:00,2022-07-18 02:43:00+00:00,1384.08,1363.666223605439,1390.9395480775477,212.49450850450194,0.017961019999999914,2068,take_profit
2022-07-18 02:44:00+00:00,2022-07-18 05:17:00+00:00,1396.59,1396.59,1424.5218,17.524219817100402,0.01796101999999998,154,take_profit
2022-07-18 05:18:00+00:00,2022-07-18 06:36:00+00:00,1426.26,1426.26,1454.7852,17.539957460231335,0.017961019999999946,79,take_profit
2022-07-18 06:37:00+00:00,2022-07-18 08:05:00+00:00,1459.09,1452.3401961500415,1481.3870000730424,57.08856559150854,0.01796102000000019,89,take_profit
2022-07-18 08:06:00+00:00,2022-07-18 10:30:00+00:00,1479.47,1472.6259175226357,1502.0784358730884,57.2552829741785,0.017961020000000032,145,take_profit
2022-07-18 10:31:00+00:00,2022-07-18 15:56:00+00:00,1499.87,1477.748438528907,1507.3034072994851,216.47885275565204,0.01796101999999986,326,take_profit
2022-07-18 15:57:00+00:00,2022-07-18 22:54:00+00:00,1513.48,1491.1577048309057,1520.9808589275237,218.86216370435613,0.01796102000000021,418,take_profit
2022-07-18 22:55:00+00:00,2022-07-18 23:09:00+00:00,1519.05,1519.05,1549.431,18.049354279289673,0.017961019999999977,15,take_profit
2022-07-18 23:10:00+00:00,2022-07-18 23:24:00+00:00,1545.39,1545.39,1576.2978,18.065563519949478,0.01796101999999991,15,take_profit
2022-07-18 23:25:00+00:00,2022-07-18 23:58:00+00:00,1569.31,1562.0503143878868,1593.2913206756446,58.79929357266474,0.01796102000000004,34,take_profit
2022-07-18 23:59:00+00:00,2022-07-19 00:11:00+00:00,1582.66,1568.2870771616,1599.652818704832,120.22562898625984,0.0179610199999999,13,take_profit
2022-07-19 00:12:00+00:00,2022-07-20 10:27:00+00:00,1605.03,1570.518188067136,1601.9285518284787,264.7198271272282,0.01796102000000001,2056,take_profit
2022-07-20 10:28:00+00:00,2022-07-20 12:09:00+00:00,1606.41,1584.6793397815336,1616.3729265771642,205.7472591000187,0.01796101999999999,102,take_profit
2022-07-20 12:10:00+00:00,2022-07-21 20:03:00+00:00,1610.57,1562.5920025938053,1593.8438426456814,312.88178098082426,0.01796101999999987,1914,take_profit
2022-07-21 20:04:00+00:00,2022-07-22 06:37:00+00:00,1589.35,1567.8501183893152,1599.2071207571016,210.93266841924014,0.017961020000000126,634,take_profit
2022-07-22 06:38:00+00:00,2022-07-22 08:58:00+00:00,1600.16,1592.7576011565093,1624.6127531796394,62.2257342224234,0.017961020000000102,141,take_profit
2022-07-22 08:59:00+00:00,2022-07-24 05:44:00+00:00,1622.79,1574.4479754926529,1605.9369350025058,321.7040273568891,0.017961019999999956,2686,take_profit
2022-07-24 05:45:00+00:00,2022-07-24 11:13:00+00:00,1607.23,1592.633944767947,1624.486623663306,129.14694112036523,0.017961020000000164,329,take_profit
2022-07-24 11:14:00+00:00,2022-07-24 21:22:00+00:00,1618.48,1594.6090613121576,1626.5012425384007,240.23545288323112,0.017961020000000185,609,take_profit
2022-07-24 21:23:00+00:00,2022-07-24 22:44:00+00:00,1624.76,1624.76,1657.2552,19.811989090048428,0.01796102000000019,82,take_profit
2022-07-24 22:45:00+00:00,2022-07-27 22:09:00+00:00,1660.49,1599.0009531416422,1630.9809722044752,354.73275377029495,0.017961019999999935,4285,take_profit
2022-07-27 22:10:00+00:00,2022-07-28 02:46:00+00:00,1623.27,1615.7606934489843,1648.075907317964,65.51944721357995,0.017961019999999977,277,take_profit
2022-07-28 02:47:00+00:00,2022-07-28 13:31:00+00:00,1656.27,1631.841697135267,1664.4785310779723,247.72517100958248,0.017961019999999953,645,take_profit
2022-07-28 13:32:00+00:00,2022-07-28 15:24:00+00:00,1661.14,1636.639869573969,1669.3726669654484,250.4524864254763,0.01796101999999989,113,take_profit
2022-07-28 15:25:00+00:00,2022-07-28 15:40:00+00:00,1673.09,1673.09,1706.5518,20.654578119445432,0.017961019999999935,16,take_profit
2022-07-28 15:41:00+00:00,2022-07-28 15:53:00+00:00,1710.62,1710.62,1744.8324,20.67312698398041,0.017961020000000133,13,take_profit
2022-07-28 15:54:00+00:00,2022-07-28 20:35:00+00:00,1747.22,1731.352625932475,1765.9796784511245,137.17825772722426,0.017961019999999783,282,take_profit
2022-07-28 20:36:00+00:00,2022-07-29 23:21:00+00:00,1764.18,1729.62421364263,1764.2166979154824,290.3291077269023,0.01796101999999987,1606,take_profit
2022-07-29 23:22:00+00:00,2022-08-06 00:04:00+00:00,1763.9,1711.3543859473443,1745.5814736662912,353.28976914550003,0.01796102000000004,10123,take_profit
2022-08-06 00:05:00+00:00,2022-08-08 08:45:00+00:00,1744.83,1719.095526944597,1753.477437483489,262.2609621825777,0.017961020000000154,3401,take_profit
2022-08-08 08:46:00+00:00,2022-08-08 11:37:00+00:00,1751.66,1751.66,1786.6932000000002,21.628411873214645,0.017961019999999953,172,take_profit
2022-08-08 11:38:00+00:00,2022-08-08 12:09:00+00:00,1789.17,1780.8932339648482,1816.5110986441452,70.39555327677999,0.017961020000000095,32,take_profit
2022-08-08 12:10:00+00:00,2022-08-10 12:47:00+00:00,1814.39,1760.340316525314,1795.5471228558201,363.9415955496406,0.017961020000000005,2918,take_profit
2022-08-10 12:48:00+00:00,2022-08-10 12:58:00+00:00,1808.43,1800.0641364985167,1836.0654192284871,71.66396056462509,0.01796102000000012,11,take_profit
2022-08-10 12:59:00+00:00,2022-08-10 21:27:00+00:00,1830.01,1813.3907687541857,1849.6585841292695,146.52973209416268,0.017961020000000008,509,take_profit
2022-08-10 21:28:00+00:00,2022-08-11 01:25:00+00:00,1848.52,1848.52,1885.4904,22.233841264852344,0.017961019999999883,238,take_profit
2022-08-11 01:26:00+00:00,2022-08-11 11:52:00+00:00,1883.91,1875.1949632503995,1912.6988625154074,72.3660880180355,0.01796101999999994,627,take_profit
2022-08-11 11:53:00+00:00,2022-08-12 18:42:00+00:00,1909.7,1881.533861640445,1919.1645388732538,273.611916643993,0.017961020000000116,1850,take_profit
2022-08-12 18:43:00+00:00,2022-08-12 23:21:00+00:00,1923.04,1914.1439464353646,1952.4268253640719,73.37645755177982,0.01796102000000006,279,take_profit
2022-08-12 23:22:00+00:00,2022-08-13 03:46:00+00:00,1948.67,1948.67,1987.6434000000002,22.630410082379967,0.017961020000000136,265,take_profit
2022-08-13 03:47:00+00:00,2022-08-14 07:35:00+00:00,1981.61,1972.442999467397,2011.891859456745,73.65682917304093,0.017961020000000088,1669,take_profit
2022-08-14 07:36:00+00:00,2022-11-09 21:26:00+00:00,2010.29,1870.1905896192227,1122.1143537715336,-10148.643006404138,-0.40119940000000004,126111,stop_loss
2022-11-09 21:27:00+00:00,2022-11-09 21:34:00+00:00,1119.73,1109.5611748007523,1131.7523982967673,90.18206911359903,0.017961020000000057,8,take_profit
2022-11-09 21:35:00+00:00,2022-11-10 00:29:00+00:00,1142.08,1119.7095658702483,1142.1037571876532,190.86464642800638,0.017961019999999838,175,take_profit
2022-11-10 00:30:00+00:00,2022-11-10 01:01:00+00:00,1139.96,1129.6074561062628,1152.199605228388,91.8553497367493,0.017961020000000074,32,take_profit
2022-11-10 01:02:00+00:00,2022-11-10 03:07:00+00:00,1155.29,1139.6618512435853,1162.455088268457,155.17380599970602,0.017961020000000265,126,take_profit
2022-11-10 03:08:00+00:00,2022-11-10 05:02:00+00:00,1162.92,1162.92,1186.1784,14.077120997613292,0.017961020000000046,115,take_profit
2022-11-10 05:03:00+00:00,2022-11-10 07:35:00+00:00,1191.85,1181.0262172008222,1204.6467415448387,93.40991006171225,0.01796102000000016,153,take_profit
2022-11-10 07:36:00+00:00,2022-11-10 08:50:00+00:00,1201.72,1185.4637708942698,1209.1730463121553,157.79996814455262,0.017961019999999918,75,take_profit
2022-11-10 08:51:00+00:00,2022-11-10 12:15:00+00:00,1208.0,1190.1832250414504,1213.9868895422794,175.49573724404763,0.01796102000000039,205,take_profit
2022-11-10 12:16:00+00:00,2022-11-10 13:30:00+00:00,1230.5,1212.3513728588614,1236.5984003160386,177.42784703998768,0.017961019999999987,75,take_profit
2022-11-10 13:31:00+00:00,2022-11-10 13:33:00+00:00,1278.57,1266.9586697373452,1292.297843132092,97.00676695659877,0.01796101999999974,3,take_profit
2022-11-10 13:34:00+00:00,2022-11-10 13:34:00+00:00,1301.74,1301.74,1327.7748000000001,14.719422654397363,0.01796102000000007,1,take_profit
2022-11-10 13:35:00+00:00,2022-11-10 13:53:00+00:00,1300.58,1282.9864453863374,1308.6461742940642,164.02340810582973,0.017961019999999887,19,take_profit
2022-11-10 13:54:00+00:00,2022-11-10 14:55:00+00:00,1306.96,1289.2801401391132,1315.0657429418955,165.6633635329872,0.017961019999999862,62,take_profit
2022-11-10 14:56:00+00:00,2022-11-10 15:02:00+00:00,1315.02,1315.02,1341.3204,15.028716981588559,0.017961020000000043,7,take_profit
2022-11-10 15:03:00+00:00,2022-11-10 16:17:00+00:00,1336.24,1318.1640558697193,1344.5273369871136,167.4699773663815,0.017961019999999973,75,take_profit
2022-11-10 16:18:00+00:00,2022-11-10 21:00:00+00:00,1343.81,1314.9150148635842,1341.213315160856,220.4616534689958,0.01796102000000001,283,take_profit
2022-11-10 21:01:00+00:00,2022-11-30 22:58:00+00:00,1330.97,1281.6832974621536,1307.3169634113967,275.320660434425,0.017961019999999824,28918,take_profit
2022-11-30 22:59:00+00:00,2022-12-03 00:03:00+00:00,1302.33,1283.1219532021785,1308.784392266222,191.7084318999332,0.017961020000000237,2945,take_profit
2022-12-03 00:04:00+00:00,2022-12-13 13:20:00+00:00,1302.78,1277.261862763066,1302.8071000183272,220.52038776310837,0.017961019999999817,15197,take_profit
2022-12-13 13:21:00+00:00,2022-12-13 13:30:00+00:00,1295.66,1295.66,1321.5732,16.008050423057057,0.017961020000000164,10,take_profit
2022-12-13 13:31:00+00:00,2022-12-14 18:39:00+00:00,1341.77,1321.980253198565,1348.4198582625363,196.42308004279403,0.017961020000000185,1749,take_profit
2022-12-14 18:40:00+00:00,2023-01-09 09:37:00+00:00,1348.41,1298.477482686269,1324.4470323399944,289.7789700405192,0.017961020000000043,36898,take_profit
2023-01-09 09:38:00+00:00,2023-01-10 20:23:00+00:00,1319.66,1319.66,1346.0532,16.459060706026662,0.017961019999999894,2086,take_profit
2023-01-10 20:24:00+00:00,2023-01-11 22:03:00+00:00,1344.36,1332.1511980166106,1358.7942219769427,109.21546959146417,0.017961019999999814,1540,take_profit
2023-01-11 22:04:00+00:00,2023-01-11 23:27:00+00:00,1353.2,1346.9400471734002,1373.8788481168683,53.889437987820656,0.017961020000000105,84,take_profit
2023-01-11 23:28:00+00:00,2023-01-12 00:54:00+00:00,1371.68,1371.68,1399.1136000000001,16.620318307309503,0.01796102000000016,87,take_profit
2023-01-12 00:55:00+00:00,2023-01-12 17:36:00+00:00,1401.95,1381.272659227534,1408.8981124120846,203.93577149851808,0.017961019999999907,1002,take_profit
2023-01-12 17:37:00+00:00,2023-01-12 19:48:00+00:00,1408.94,1408.94,1437.1188000000002,16.818388924315627,0.017961020000000067,132,take_profit
2023-01-12 19:49:00+00:00,2023-01-13 21:37:00+00:00,1428.14,1415.1703501557934,1443.4737571589092,111.59982194296481,0.01796102000000012,1549,take_profit
2023-01-13 21:38:00+00:00,2023-01-14 00:24:00+00:00,1445.92,1445.92,1474.8384,16.933715027003245,0.017961020000000116,167,take_profit
2023-01-14 00:25:00+00:00,2023-01-14 00:38:00+00:00,1473.57,1473.57,1503.0414,16.948922366716943,0.0179610200000001,14,take_profit
2023-01-14 00:39:00+00:00,2023-01-14 00:40:00+00:00,1540.52,1533.3934979837177,1564.061367943392,55.16488101134382,0.01796102000000011,2,take_profit
2023-01-14 00:41:00+00:00,2023-01-14 00:42:00+00:00,1571.72,1550.4586076539813,1581.4677798070609,189.41901787149254,0.017961020000000112,2,take_profit
2023-01-14 00:43:00+00:00,2023-01-16 01:13:00+00:00,1565.06,1541.976952138553,1572.8164911813242,210.66056337190457,0.01796102000000006,2911,take_profit
2023-01-16 01:14:00+00:00,2023-01-16 19:04:00+00:00,1575.37,1552.1348900939975,1583.1775878958774,212.97981821251233,0.017961019999999744,1071,take_profit
2023-01-16 19:05:00+00:00,2023-01-17 14:13:00+00:00,1584.4,1561.0317067513854,1592.252340886413,215.32460675022594,0.017961020000000074,1149,take_profit
2023-01-17 14:14:00+00:00,2023-01-18 14:09:00+00:00,1588.06,1573.638037075083,1605.1107978165846,117.72641271092562,0.017961019999999946,1436,take_profit
2023-01-18 14:10:00+00:00,2023-01-20 20:00:00+00:00,1602.7,1571.3071949602893,1602.733338859495,249.16050782782804,0.017961019999999925,3231,take_profit
2023-01-20 20:01:00+00:00,2023-01-20 20:19:00+00:00,1601.81,1601.81,1633.8462,18.087098490988637,0.017961020000000147,19,take_profit
2023-01-20 20:20:00+00:00,2023-01-20 22:20:00+00:00,1636.13,1628.5612026173628,1661.1324266697102,58.86938499731332,0.017961019999999977,121,take_profit
2023-01-20 22:21:00+00:00,2023-01-21 19:08:00+00:00,1657.36,1634.9401152758771,1667.6389175813947,202.13913062908614,0.017961020000000227,1248,take_profit
2023-01-21 19:09:00+00:00,2023-01-29 19:14:00+00:00,1663.56,1614.003459542244,1646.2835287330888,307.39486627328006,0.017961020000000157,11526,take_profit
2023-01-29 19:15:00+00:00,2023-02-01 21:05:00+00:00,1646.98,1611.566167226041,1643.7974905705619,270.10687433924795,0.017961020000000005,4431,take_profit
2023-02-01 21:06:00+00:00,2023-02-02 00:40:00+00:00,1642.83,1642.83,1675.6866,18.856366602001117,0.017961020000000064,215,take_profit
2023-02-02 00:41:00+00:00,2023-02-02 18:15:00+00:00,1678.01,1662.7711563746711,1696.0265795021646,125.12299273993722,0.017961020000000046,1055,take_profit
2023-02-02 18:16:00+00:00,2023-02-15 20:34:00+00:00,1703.95,1640.851600494855,1673.668632504752,339.6324947724024,0.017961019999999973,18859,take_profit
2023-02-15 20:35:00+00:00,2023-02-16 00:18:00+00:00,1675.66,1667.908335387659,1701.2665020954123,62.7304162830892,0.01796102000000025,224,take_profit
2023-02-16 00:19:00+00:00,2023-02-16 15:44:00+00:00,1700.04,1677.042762932376,1710.5836181910236,215.396709376917,0.01796102000000024,926,take_profit
2023-02-16 15:45:00+00:00,2023-02-16 16:33:00+00:00,1710.35,1694.8174607454175,1728.713809960326,129.54592676889752,0.017961020000000067,49,take_profit
2023-02-16 16:34:00+00:00,2023-02-19 16:15:00+00:00,1726.46,1692.6430522313228,1726.4959132759493,274.1757618999418,0.01796101999999998,4302,take_profit
2023-02-19 16:16:00+00:00,2023-03-13 15:07:00+00:00,1718.56,1635.196196303011,1667.9001202290713,378.45204409765574,0.017961020000000008,31612,take_profit
2023-03-13 15:08:00+00:00,2023-03-14 05:12:00+00:00,1669.15,1653.9916184425492,1687.0714508114002,134.20279012505762,0.017961019999999887,845,take_profit
2023-03-14 05:13:00+00:00,2023-03-14 12:30:00+00:00,1686.68,1671.3624197913182,1704.7896681871446,135.00179938533802,0.017961019999999977,438,take_profit
2023-03-14 12:31:00+00:00,2023-03-14 12:47:00+00:00,1700.75,1692.88226812752,1726.7399134900704,66.61300934230349,0.01796101999999999,17,take_profit
2023-03-14 12:48:00+00:00,2023-03-14 13:01:00+00:00,1718.85,1718.85,1753.2269999999999,20.544460287878337,0.017961020000000015,14,take_profit
2023-03-14 13:02:00+00:00,2023-03-14 14:54:00+00:00,1756.66,1732.8968376819296,1767.554774435568,228.933734238959,0.017961020000000032,113,take_profit
2023-03-14 14:55:00+00:00,2023-03-17 10:48:00+00:00,1762.5,1709.9960911798821,1744.1960130034797,348.1416705554111,0.017961020000000244,4074,take_profit
2023-03-17 10:49:00+00:00,2023-03-17 20:20:00+00:00,1737.8,1714.2919657325017,1748.5778050471517,234.70350791273086,0.017961019999999845,572,take_profit
2023-03-17 20:21:00+00:00,2023-03-17 22:38:00+00:00,1752.57,1744.4625469070988,1779.3517978452408,69.23819915566901,0.01796101999999983,138,take_profit
2023-03-17 22:39:00+00:00,2023-03-18 00:56:00+00:00,1771.39,1771.39,1806.8178,21.354108559309907,0.01796102000000011,138,take_profit
2023-03-18 00:57:00+00:00,2023-03-19 16:42:00+00:00,1813.39,1786.6443364717843,1822.37722320122,262.02064985667676,0.017961020000000202,2386,take_profit
2023-03-19 16:43:00+00:00,2023-03-21 14:00:00+00:00,1823.26,1787.5469871362677,1823.2979268789932,301.39986403152216,0.01796101999999984,2718,take_profit
2023-03-21 14:01:00+00:00,2023-03-23 15:11:00+00:00,1829.45,1793.6157408249214,1829.4880556414198,305.1752434538939,0.017961020000000178,2951,take_profit
2023-03-23 15:12:00+00:00,2023-03-30 02:40:00+00:00,1831.65,1792.265340319602,1828.110647125994,321.46941753099964,0.017961019999999914,9249,take_profit
2023-03-30 02:41:00+00:00,2023-03-31 13:35:00+00:00,1827.74,1800.7826885242223,1836.7983422947068,275.12260103960944,0.017961020000000275,2095,take_profit
2023-03-31 13:36:00+00:00,2023-04-04 11:07:00+00:00,1836.75,1809.6598001613274,1845.852996164554,278.1515468185862,0.017961020000000116,5612,take_profit
2023-04-04 11:08:00+00:00,2023-04-05 00:32:00+00:00,1866.83,1858.1939759567829,1895.3578554759185,74.59388252687677,0.017961019999999817,805,take_profit
2023-04-05 00:33:00+00:00,2023-04-05 12:48:00+00:00,1903.09,1903.0900000000001,1941.1518,23.005882370770905,0.017961020000000022,736,take_profit
2023-04-05 12:49:00+00:00,2023-04-13 08:31:00+00:00,1940.33,1902.323884443313,1940.3703621321795,321.1776306828615,0.017961020000000046,11263,take_profit
2023-04-13 08:32:00+00:00,2023-04-13 09:11:00+00:00,1941.21,1941.21,1980.0342,23.314976718851995,0.017961019999999838,40,take_profit
2023-04-13 09:12:00+00:00,2023-04-13 19:12:00+00:00,1980.1,1980.1,2019.702,23.335914757009505,0.01796101999999997,601,take_profit
2023-04-13 19:13:00+00:00,2023-04-14 00:36:00+00:00,2018.57,2009.2320211519443,2049.416661574983,75.95308616135026,0.017961019999999935,324,take_profit
2023-04-14 00:37:00+00:00,2023-04-14 20:29:00+00:00,2088.06,2059.813834714816,2101.0101114091126,260.7992389584542,0.017961020000000355,1193,take_profit
2023-04-14 20:30:00+00:00,2023-04-16 18:59:00+00:00,2103.37,2084.2682505967136,2125.953615608648,156.85234565201972,0.017961020000000025,2790,take_profit
2023-04-16 19:00:00+00:00,2023-11-09 21:23:00+00:00,2128.25,2012.0109081052076,2052.251126267312,462.60447025216854,0.017961020000000223,298224,take_profit
2023-11-09 21:24:00+00:00,2023-11-09 22:16:00+00:00,2052.05,2052.05,2093.0910000000003,24.21559617389903,0.017961020000000223,53,take_profit
2023-11-09 22:17:00+00:00,2023-11-09 23:44:00+00:00,2095.6,2085.905677546983,2127.6237910979225,78.81624876488422,0.017961019999999963,88,take_profit
2023-11-09 23:45:00+00:00,2023-11-24 09:38:00+00:00,2129.5,2066.063362364572,2107.3846296118636,407.47618273484113,0.017961019999999932,20754,take_profit
2023-11-24 09:39:00+00:00,2023-12-01 04:28:00+00:00,2099.5,2058.376150133604,2099.543673136276,344.1574222395175,0.01796101999999995,9770,take_profit
2023-12-01 04:29:00+00:00,2023-12-02 18:35:00+00:00,2098.41,2088.7026783839306,2130.476731951609,81.24143539586657,0.01796102000000005,2287,take_profit
2023-12-02 18:36:00+00:00,2023-12-02 19:10:00+00:00,2139.99,2139.99,2182.7898,25.056088288157753,0.017961020000000272,35,take_profit
2023-12-02 19:11:00+00:00,2023-12-03 22:06:00+00:00,2178.8,2149.3263522488064,2192.3128792937828,279.2083012574167,0.017961020000000192,1616,take_profit
2023-12-03 22:07:00+00:00,2023-12-04 05:09:00+00:00,2192.69,2192.69,2236.5438,25.329333227453162,0.01796102,423,take_profit
2023-12-04 05:10:00+00:00,2023-12-05 17:14:00+00:00,2238.94,2208.6528103102355,2252.8258665164403,282.25316023342566,0.01796101999999995,2165,take_profit
2023-12-05 17:15:00+00:00,2023-12-05 17:53:00+00:00,2252.16,2252.16,2297.2032,25.605557993288357,0.017961020000000112,39,take_profit
2023-12-05 17:54:00+00:00,2023-12-07 15:23:00+00:00,2290.4,2256.618922711041,2301.751301165262,314.18707677306156,0.017961020000000077,2730,take_profit
2023-12-07 15:24:00+00:00,2023-12-07 16:26:00+00:00,2300.74,2300.74,2346.7547999999997,25.910709108732362,0.017961019999999727,63,take_profit
2023-12-07 16:27:00+00:00,2023-12-07 21:32:00+00:00,2346.91,2336.053108270562,2382.7741704359732,84.33345518825809,0.017961020000000053,306,take_profit
2023-12-07 21:33:00+00:00,2023-12-27 16:18:00+00:00,2380.58,2309.6638268034058,2355.8571033394737,435.99987230376064,0.0179610199999999,28486,take_profit
2023-12-27 16:19:00+00:00,2023-12-27 23:17:00+00:00,2355.14,2344.245035988739,2391.129936708514,85.85299959398617,0.01796101999999984,419,take_profit
2023-12-27 23:18:00+00:00,2023-12-28 00:33:00+00:00,2389.81,2378.754651297269,2426.3297443232145,86.10371858190501,0.0179610200000003,76,take_profit
2023-12-28 00:34:00+00:00,2024-01-02 08:28:00+00:00,2423.99,2371.868677029624,2419.3060505702165,385.352568436414,0.01796101999999991,7675,take_profit
2024-01-02 08:29:00+00:00,2024-01-10 00:36:00+00:00,2418.8,2346.7452739551204,2393.6801794342227,450.9531440630344,0.01796102000000017,11048,take_profit
2024-01-10 00:37:00+00:00,2024-01-10 09:18:00+00:00,2391.94,2359.583107673036,2406.7747698264966,304.0149851840979,0.017961019999999966,522,take_profit
2024-01-10 09:19:00+00:00,2024-01-10 15:06:00+00:00,2400.06,2367.593264631113,2414.9451299237353,307.0546185550156,0.017961020000000043,348,take_profit
2024-01-10 15:07:00+00:00,2024-01-10 19:12:00+00:00,2417.24,2406.0577591113138,2454.17891429354,90.58198158284358,0.017961019999999703,246,take_profit
2024-01-10 19:13:00+00:00,2024-01-10 20:47:00+00:00,2457.01,2434.696669819685,2483.390603216079,185.210995726693,0.0179610199999999,95,take_profit
2024-01-10 20:48:00+00:00,2024-01-10 21:13:00+00:00,2486.02,2474.5195803089096,2524.0099719150876,91.38738775936145,0.017961019999999737,26,take_profit
2024-01-10 21:14:00+00:00,2024-01-10 23:05:00+00:00,2525.27,2513.588008369474,2563.8597685368636,91.65426898047008,0.017961019999999987,112,take_profit
2024-01-10 23:06:00+00:00,2024-01-10 23:18:00+00:00,2568.02,2568.02,2619.3804,28.26756376682647,0.017961019999999855,13,take_profit
2024-01-10 23:19:00+00:00,2024-01-11 10:43:00+00:00,2627.61,2592.0650892383355,2643.9063910231025,314.99483755218534,0.017961020000000102,685,take_profit
2024-01-11 10:44:00+00:00,2024-01-11 14:49:00+00:00,2640.99,2628.772683405615,2681.3481370737277,92.92436866156822,0.017961020000000154,246,take_profit
2024-01-11 14:50:00+00:00,2024-01-12 14:29:00+00:00,2681.62,2642.0688244500443,2694.9102009390454,351.34156493422415,0.017961020000000123,1420,take_profit
2024-01-12 14:30:00+00:00,2024-02-12 21:19:00+00:00,2696.12,2596.2808868371662,2648.2065045739096,518.3270560510646,0.01796102000000005,45050,take_profit
2024-02-12 21:20:00+00:00,2024-02-14 08:49:00+00:00,2647.95,2612.129940534802,2664.372539345498,327.7685453728009,0.01796102000000001,2130,take_profit
2024-02-14 08:50:00+00:00,2024-02-14 09:04:00+00:00,2670.06,2670.0599999999995,2723.4611999999997,29.734641376479658,0.01796102000000005,15,take_profit
2024-02-14 09:05:00+00:00,2024-02-14 21:54:00+00:00,2723.85,2723.85,2778.3269999999998,29.761344600902476,0.017961020000000064,770,take_profit
2024-02-14 21:55:00+00:00,2024-02-15 14:25:00+00:00,2781.52,2768.6525864718856,2824.0256382013235,96.86639646603089,0.017961020000000043,991,take_profit
2024-02-15 14:26:00+00:00,2024-02-16 01:14:00+00:00,2825.74,2800.0780492453337,2856.07961023024,198.0606013296565,0.017961019999999907,649,take_profit
2024-02-16 01:15:00+00:00,2024-02-18 22:11:00+00:00,2856.42,2814.290701715976,2870.5765157502956,368.42667620296197,0.017961020000000192,4137,take_profit
2024-02-18 22:12:00+00:00,2024-02-19 06:13:00+00:00,2867.92,2867.92,2925.2784,30.383797236470855,0.01796102000000008,482,take_profit
2024-02-19 06:14:00+00:00,2024-02-19 21:46:00+00:00,2925.14,2898.575348393517,2956.5468553613873,201.61421981619787,0.01796102000000005,933,take_profit
2024-02-19 21:47:00+00:00,2024-02-20 13:31:00+00:00,2958.39,2914.7567476244826,2973.0518825769723,375.03701586011084,0.01796101999999993,945,take_profit
2024-02-20 13:32:00+00:00,2024-02-20 21:22:00+00:00,2974.2,2930.333566157517,2988.9402374806673,379.16596339788885,0.017961019999999772,471,take_profit
2024-02-20 21:23:00+00:00,2024-02-22 08:05:00+00:00,2988.16,2944.087670314453,3002.9694237207423,383.3403683360084,0.017961020000000015,2083,take_profit
2024-02-22 08:06:00+00:00,2024-02-22 20:29:00+00:00,3004.03,2963.3930796520935,3022.6609412451353,351.96602954433183,0.017961019999999866,744,take_profit
2024-02-22 20:30:00+00:00,2024-02-25 02:25:00+00:00,3022.02,2977.4482696521222,3036.997235045165,391.43568003232576,0.017961020000000206,3236,take_profit
2024-02-25 02:26:00+00:00,2024-02-25 19:35:00+00:00,3040.47,3026.4046742752794,3086.932767760785,104.97409583777517,0.017961020000000053,1030,take_profit
2024-02-25 19:36:00+00:00,2024-02-26 15:12:00+00:00,3088.0,3059.9563357101474,3121.1554624243504,214.63823683126247,0.01796102000000006,1177,take_profit
2024-02-26 15:13:00+00:00,2024-02-26 20:03:00+00:00,3121.8,3121.8,3184.2360000000003,32.56835605218612,0.017961020000000157,291,take_profit
2024-02-26 20:04:00+00:00,2024-02-27 02:06:00+00:00,3184.09,3169.36028288823,3232.7474885459947,106.00257924846028,0.01796102000000004,363,take_profit
2024-02-27 02:07:00+00:00,2024-02-28 07:48:00+00:00,3240.99,3225.997061401506,3290.5170026295364,106.31214163430013,0.017961020000000227,1782,take_profit
2024-02-28 07:49:00+00:00,2024-02-28 09:48:00+00:00,3288.56,3288.56,3354.3312,32.78827354431064,0.017961020000000168,120,take_profit
2024-02-28 09:49:00+00:00,2024-02-28 15:15:00+00:00,3353.92,3308.5499537976484,3374.7209528736016,365.3706058258649,0.017961020000000254,327,take_profit
2024-02-28 15:16:00+00:00,2024-02-28 16:58:00+00:00,3374.49,3358.879485505592,3426.057075215704,107.78536288944088,0.01796102000000008,103,take_profit
2024-02-28 16:59:00+00:00,2024-02-29 00:23:00+00:00,3422.08,3348.497461742638,3415.4674109774905,482.38760315313993,0.017961019999999973,445,take_profit
2024-02-29 00:24:00+00:00,2024-02-29 05:58:00+00:00,3421.0,3405.174328539907,3473.2778151107054,109.50886200352852,0.01796102000000014,335,take_profit
2024-02-29 05:59:00+00:00,2024-03-03 22:20:00+00:00,3474.29,3423.047745802368,3491.508700718415,414.04655748173536,0.017961020000000237,5302,take_profit
2024-03-03 22:21:00+00:00,2024-03-04 08:40:00+00:00,3490.94,3459.237037106212,3528.421777848336,226.3755018216525,0.017961019999999966,620,take_profit
2024-03-04 08:41:00+00:00,2024-03-04 15:12:00+00:00,3528.21,3496.168569694268,3566.091941088154,227.7232839511289,0.017961020000000234,392,take_profit
2024-03-04 15:13:00+00:00,2024-03-04 23:03:00+00:00,3567.8,3551.2952263562347,3622.3211308833593,112.36393374282397,0.017961019999999724,471,take_profit
2024-03-04 23:04:00+00:00,2024-03-05 03:59:00+00:00,3621.79,3621.79,3694.2258,34.65473782616323,0.01796102000000013,296,take_profit
2024-03-05 04:00:00+00:00,2024-03-05 12:05:00+00:00,3689.81,3672.7408036216993,3746.1956196941333,112.79327660463423,0.017961019999999817,486,take_profit
2024-03-05 12:06:00+00:00,2024-03-05 15:04:00+00:00,3747.07,3747.07,3822.0114000000003,34.787153662970695,0.017961020000000067,179,take_profit
2024-03-05 15:05:00+00:00,2024-03-06 05:23:00+00:00,3804.77,3663.876841465306,3737.154378294612,622.8623869419898,0.017961020000000147,859,take_profit
2024-03-06 05:24:00+00:00,2024-03-06 08:10:00+00:00,3731.19,3731.19,3805.8138,35.37775649056039,0.017961019999999998,167,take_profit
2024-03-06 08:11:00+00:00,2024-03-06 11:25:00+00:00,3812.68,3812.68,3888.9336,35.4095275201546,0.017961020000000053,195,take_profit
2024-03-06 11:26:00+00:00,2024-03-07 20:30:00+00:00,3890.01,3832.636297386996,3909.2890233347357,434.4844171874174,0.01796101999999979,1985,take_profit
2024-03-07 20:31:00+00:00,2024-03-08 08:36:00+00:00,3905.8,3870.3294870520376,3947.7360767930786,237.54968178628224,0.017961019999999887,726,take_profit
2024-03-08 08:37:00+00:00,2024-03-08 17:48:00+00:00,3948.2,3889.9680538978914,3967.7674149758495,441.8831363029167,0.017961019999999956,552,take_profit
2024-03-08 17:49:00+00:00,2024-03-11 07:30:00+00:00,3973.09,3895.2673009451396,3973.1726469640425,508.2939732894192,0.017961020000000175,3702,take_profit
2024-03-11 07:31:00+00:00,2024-03-11 11:45:00+00:00,3973.71,3973.7100000000005,4053.1842000000006,36.89815547981743,0.017961019999999994,255,take_profit
2024-03-11 11:46:00+00:00,2024-03-13 03:47:00+00:00,4045.47,3966.229561362701,4045.5541525899553,515.1231307968519,0.01796102000000003,2402,take_profit
2024-03-13 03:48:00+00:00,2024-05-23 11:52:00+00:00,4044.89,3823.9693654813445,3900.4487527909714,726.8265949236884,0.01796101999999996,102725,take_profit
2024-05-23 11:53:00+00:00,2024-05-23 21:02:00+00:00,3907.22,3790.8260580878614,3866.642579249619,637.7741841527968,0.01796101999999995,550,take_profit
2024-05-23 21:03:00+00:00,2024-05-23 21:10:00+00:00,3852.44,3817.454075758808,3893.803157273984,256.03218487996855,0.017961019999999998,8,take_profit
2024-05-23 21:11:00+00:00,2024-05-27 02:04:00+00:00,3899.56,3815.710550867637,3892.0247618849894,563.7466511252533,0.017961019999999942,4614,take_profit
2024-05-27 02:05:00+00:00,2024-05-27 15:36:00+00:00,3889.81,3889.81,3967.6062,39.35558304568349,0.017961020000000123,812,take_profit
2024-05-27 15:37:00+00:00,2024-08-05 01:10:00+00:00,3970.5,3693.791311742647,2216.2747870455883,-17597.68211787641,-0.40119939999999993,99934,stop_loss
2024-08-05 01:11:00+00:00,2024-08-05 01:11:00+00:00,2140.6,2140.6,2183.412,23.587310342751834,0.01796101999999993,1,take_profit
2024-08-05 01:12:00+00:00,2024-08-05 01:12:00+00:00,2243.9,2223.5220277525905,2267.9924683076424,156.51556437482577,0.017961020000000133,1,take_profit
2024-08-05 01:13:00+00:00,2024-08-05 01:14:00+00:00,2270.27,2236.7858197970636,2281.521536193005,291.14578452010574,0.017961020000000084,2,take_profit
2024-08-05 01:15:00+00:00,2024-08-05 01:18:00+00:00,2315.05,2294.0258792052387,2339.9063967893435,159.18082612462058,0.017961019999999866,4,take_profit
2024-08-05 01:19:00+00:00,2024-08-05 01:36:00+00:00,2376.91,2330.3523958152246,2376.959443731529,336.8961523617654,0.017961020000000032,18,take_profit
2024-08-05 01:37:00+00:00,2024-08-05 04:12:00+00:00,2367.4,2321.0286724583448,2367.449245907512,341.1161635591452,0.01796102000000018,156,take_profit
2024-08-05 04:13:00+00:00,2024-08-05 07:27:00+00:00,2367.83,2297.29364231402,2343.2395151603005,415.090486858684,0.01796102000000007,195,take_profit
2024-08-05 07:28:00+00:00,2024-08-05 13:48:00+00:00,2336.81,2291.0378525333213,2336.858609583988,350.5885202777463,0.017961020000000272,381,take_profit
2024-08-05 13:49:00+00:00,2024-08-05 14:00:00+00:00,2339.8,2339.8,2386.596,25.44997660887384,0.01796101999999989,12,take_profit
2024-08-05 14:01:00+00:00,2024-08-05 14:40:00+00:00,2382.73,2361.0912434542224,2408.313068323307,168.87544168375462,0.01796102000000012,40,take_profit
2024-08-05 14:41:00+00:00,2024-08-05 15:35:00+00:00,2416.41,2394.465378618315,2442.354686190681,169.8808830878661,0.01796102000000001,55,take_profit
2024-08-05 15:36:00+00:00,2024-08-05 16:14:00+00:00,2435.53,2435.53,2484.2406,25.777052442035256,0.017961020000000143,39,take_profit
2024-08-05 16:15:00+00:00,2024-08-05 17:49:00+00:00,2478.97,2445.43581211411,2494.344528356392,287.2422439206366,0.01796102000000008,95,take_profit
2024-08-05 17:50:00+00:00,2024-08-06 00:19:00+00:00,2487.56,2450.871012652409,2499.888432905457,319.4537360001741,0.01796102000000023,390,take_profit
2024-08-06 00:20:00+00:00,2024-08-06 01:03:00+00:00,2495.41,2495.41,2545.3181999999997,26.345045481221177,0.017961019999999755,44,take_profit
2024-08-06 01:04:00+00:00,2024-08-06 14:19:00+00:00,2543.04,2505.5327389150734,2555.643393693375,323.26078694976604,0.01796101999999979,796,take_profit
2024-08-06 14:20:00+00:00,2024-08-08 12:34:00+00:00,2549.51,2473.561494708665,2523.0327246028382,446.88398634057376,0.017961020000000178,2775,take_profit
2024-08-08 12:35:00+00:00,2024-08-08 16:03:00+00:00,2522.6,2485.394208186723,2535.1020923504575,331.7396496511428,0.017961019999999755,209,take_profit
2024-08-08 16:04:00+00:00,2024-08-08 16:11:00+00:00,2535.63,2523.900082629537,2574.3780842821275,88.96498595323283,0.017961020000000112,8,take_profit
2024-08-08 16:12:00+00:00,2024-08-08 21:42:00+00:00,2574.77,2562.859019554135,2614.116199945218,89.22479296456186,0.017961019999999956,331,take_profit
2024-08-08 21:43:00+00:00,2024-08-08 22:50:00+00:00,2610.47,2610.47,2662.6794,27.51827659271521,0.017961020000000192,68,take_profit
2024-08-08 22:51:00+00:00,2024-08-11 08:47:00+00:00,2673.22,2633.7927159315436,2686.4685702501747,337.65664793416727,0.017961019999999977,3477,take_profit
2024-08-11 08:48:00+00:00,2024-08-12 12:26:00+00:00,2693.08,2635.172627252976,2687.8760797980353,404.0796258034752,0.017961020000000022,1659,take_profit
2024-08-12 12:27:00+00:00,2024-08-12 14:37:00+00:00,2684.6,2645.0048724720837,2697.904969921525,345.8227489631754,0.017961019999999887,131,take_profit
2024-08-12 14:38:00+00:00,2024-08-12 23:15:00+00:00,2705.14,2665.2419283018444,2718.546766867881,349.6300637813292,0.01796101999999991,518,take_profit
2024-08-12 23:16:00+00:00,2024-08-13 22:00:00+00:00,2718.97,2678.867949826946,2732.445308823485,353.4792950036717,0.01796101999999973,1365,take_profit
2024-08-13 22:01:00+00:00,2024-08-14 10:39:00+00:00,2730.73,2705.930882323112,2760.0494999695743,193.2610025227732,0.017961020000000154,759,take_profit
2024-08-14 10:40:00+00:00,2024-08-23 17:53:00+00:00,2759.93,2677.7131982582077,2731.267462223372,491.5681756648737,0.01796102000000012,13394,take_profit
2024-08-23 17:54:00+00:00,2024-08-23 21:20:00+00:00,2725.01,2725.01,2779.5102,29.766112467489847,0.01796102000000015,207,take_profit
2024-08-23 21:21:00+00:00,2024-08-24 16:28:00+00:00,2777.77,2752.543688680562,2807.5945624541732,197.5155210320645,0.017961020000000046,1148,take_profit
2024-08-24 16:29:00+00:00,2024-09-27 16:37:00+00:00,2807.66,2671.466199906964,2724.8955239051033,569.878239652171,0.01796102000000001,48969,take_profit
2024-09-27 16:38:00+00:00,2024-10-15 13:59:00+00:00,2723.91,2623.041804691417,2675.502640785245,545.2891592095621,0.017961019999999946,25762,take_profit
2024-10-15 14:00:00+00:00,2024-10-20 14:08:00+00:00,2671.19,2631.792656372907,2684.428509500365,379.690102003784,0.017961019999999984,7209,take_profit
2024-10-20 14:09:00+00:00,2024-10-20 22:27:00+00:00,2687.49,2687.49,2741.2398,31.312681239245194,0.017961019999999942,499,take_profit
2024-10-20 22:28:00+00:00,2024-10-30 14:04:00+00:00,2743.49,2661.7629368460107,2714.9981955829307,525.3646968517569,0.017961019999999987,13897,take_profit
2024-10-30 14:05:00+00:00,2024-11-06 20:10:00+00:00,2717.44,2636.4889520657357,2689.2187311070506,533.2735347138041,0.017961020000000133,10446,take_profit
2024-11-06 20:11:00+00:00,2024-11-06 22:50:00+00:00,2693.81,2681.3483361485196,2734.97530287149,105.00721552360937,0.017961019999999824,160,take_profit
2024-11-06 22:51:00+00:00,2024-11-07 01:12:00+00:00,2738.87,2713.9969589334364,2768.2768981121053,214.70595592820064,0.017961019999999977,142,take_profit
2024-11-07 01:13:00+00:00,2024-11-07 01:28:00+00:00,2771.76,2771.76,2827.1952,32.578631479775595,0.01796101999999976,16,take_profit
2024-11-07 01:29:00+00:00,2024-11-07 02:57:00+00:00,2828.51,2815.425209008598,2871.73371318877,106.03602342432532,0.01796102000000005,89,take_profit
2024-11-07 02:58:00+00:00,2024-11-07 18:58:00+00:00,2871.78,2829.4241572926617,2886.012640438515,400.9159593538643,0.017961020000000157,961,take_profit
2024-11-07 18:59:00+00:00,2024-11-08 00:08:00+00:00,2876.77,2863.4619564787336,2920.731195608308,107.51648990360263,0.017961019999999685,310,take_profit
2024-11-08 00:09:00+00:00,2024-11-08 18:51:00+00:00,2924.0,2910.4734687666432,2968.682938141976,107.83047340634221,0.017961020000000147,1123,take_profit
2024-11-08 18:52:00+00:00,2024-11-09 00:49:00+00:00,2958.31,2931.4441151213355,2990.0729974237624,220.47860954558382,0.017961020000000074,358,take_profit
2024-11-09 00:50:00+00:00,2024-11-09 05:49:00+00:00,2990.41,2976.5762536711554,3036.107778744579,108.78924387901952,0.017961020000000025,300,take_profit
2024-11-09 05:50:00+00:00,2024-11-09 19:01:00+00:00,3043.45,3015.8109164239145,3076.127134752393,222.4389865523026,0.017961020000000057,792,take_profit
2024-11-09 19:02:00+00:00,2024-11-09 23:02:00+00:00,3081.19,3081.19,3142.8138,33.752010922536556,0.01796101999999998,241,take_profit
2024-11-09 23:03:00+00:00,2024-11-10 04:53:00+00:00,3146.64,3118.0637966965596,3180.425072630491,223.96428255540195,0.01796101999999996,351,take_profit
2024-11-10 04:54:00+00:00,2024-11-10 18:34:00+00:00,3181.14,3181.14,3244.7628,33.98345329761082,0.01796102000000004,821,take_profit
2024-11-10 18:35:00+00:00,2024-11-11 15:35:00+00:00,3237.75,3189.9964709254596,3253.796400343969,416.9861032916706,0.01796102,1261,take_profit
2024-11-11 15:36:00+00:00,2024-11-11 16:23:00+00:00,3241.84,3226.843129270334,3291.3799918557406,111.8261349255281,0.017961020000000043,48,take_profit
2024-11-11 16:24:00+00:00,2024-11-11 19:07:00+00:00,3291.65,3276.4227063836265,3341.951160511299,112.15270400877125,0.0179610199999999,164,take_profit
2024-11-11 19:08:00+00:00,2024-11-11 23:04:00+00:00,3329.03,3298.7974223669535,3364.773370814293,229.3161798840556,0.01796102000000007,237,take_profit
2024-11-11 23:05:00+00:00,2024-11-12 06:45:00+00:00,3362.81,3313.2119627497013,3379.4762020046956,426.5674111209082,0.017961020000000088,461,take_profit
2024-11-12 06:46:00+00:00,2024-11-12 09:01:00+00:00,3381.99,3366.3447902305406,3433.6716860351517,114.39562252623546,0.01796102000000008,136,take_profit
2024-11-12 09:02:00+00:00,2024-11-22 04:24:00+00:00,3433.47,3331.1888108841918,3397.8125871018756,591.4198191240794,0.01796102000000006,14123,take_profit
2024-11-22 04:25:00+00:00,2024-11-23 12:45:00+00:00,3396.94,3346.838579861179,3413.7753514584024,439.0343122374579,0.017961019999999914,1941,take_profit
2024-11-23 12:46:00+00:00,2024-11-23 14:10:00+00:00,3414.87,3399.0726861447156,3467.05413986761,117.73896024266742,0.017961020000000105,85,take_profit
2024-11-23 14:11:00+00:00,2024-11-25 09:36:00+00:00,3462.6,3411.5301614474542,3479.7607646764036,445.1640741950541,0.017961019999999973,2606,take_profit
2024-11-25 09:37:00+00:00,2024-11-25 15:53:00+00:00,3474.16,3422.9196631705327,3491.3780564339436,450.065081376546,0.017961019999999904,377,take_profit
2024-11-25 15:54:00+00:00,2024-11-27 10:49:00+00:00,3490.54,3415.485415335453,3483.7951236421623,538.6007673253443,0.017961020000000032,2576,take_profit
2024-11-27 10:50:00+00:00,2024-11-27 15:07:00+00:00,3478.82,3462.726851099445,3531.981388121434,122.27005154877679,0.01796102000000008,258,take_profit
2024-11-27 15:08:00+00:00,2024-11-27 19:23:00+00:00,3528.55,3528.55,3599.121,37.70993448940908,0.01796101999999994,256,take_profit
2024-11-27 19:24:00+00:00,2024-11-27 22:21:00+00:00,3600.0,3600.0,3672.0,37.743799933787614,0.017961020000000123,178,take_profit
2024-11-27 22:22:00+00:00,2024-11-30 05:56:00+00:00,3671.44,3617.2899832335947,3689.635782898267,463.12656692005476,0.017961020000000088,3335,take_profit
2024-11-30 05:57:00+00:00,2024-11-30 21:51:00+00:00,3688.43,3654.9335321643066,3728.032202807593,253.20946907786674,0.017961020000000175,955,take_profit
2024-11-30 21:52:00+00:00,2024-12-04 09:43:00+00:00,3726.88,3653.879926844452,3726.957525381341,535.901829075272,0.01796101999999998,5032,take_profit
2024-12-04 09:44:00+00:00,2024-12-04 14:54:00+00:00,3727.99,3710.744181541505,3784.959065172335,126.50441632795992,0.017961020000000067,311,take_profit
2024-12-04 14:55:00+00:00,2024-12-04 15:35:00+00:00,3792.38,3774.836311040098,3850.3330372609,126.87385081922639,0.017961020000000022,41,take_profit
2024-12-04 15:36:00+00:00,2024-12-04 20:13:00+00:00,3852.99,3796.1623048447486,3872.0855509416438,479.7025574465297,0.01796102000000005,278,take_profit
2024-12-04 20:14:00+00:00,2024-12-05 03:01:00+00:00,3873.22,3816.093932860137,3892.41581151734,484.98381398835045,0.017961020000000046,408,take_profit
2024-12-05 03:02:00+00:00,2024-12-05 11:32:00+00:00,3895.5,3860.123026476321,3937.325487005847,265.15968381607854,0.017961019999999925,511,take_profit
2024-12-05 11:33:00+00:00,2024-12-06 14:45:00+00:00,3936.6,3859.4920469711574,3936.6818879105804,561.1937028719913,0.017961019999999946,1633,take_profit
2024-12-06 14:46:00+00:00,2024-12-06 15:10:00+00:00,3932.07,3932.07,4010.7114,40.738260910040026,0.017961019999999828,25,take_profit
2024-12-06 15:11:00+00:00,2024-12-06 20:11:00+00:00,4017.64,3999.054250019021,4079.0353350194014,132.59375829843793,0.01796101999999998,301,take_profit
2024-12-06 20:12:00+00:00,2024-12-16 00:47:00+00:00,4078.21,3927.1911767681695,4005.735000303533,731.5468251576385,0.017961019999999748,13236,take_profit
2024-12-16 00:48:00+00:00,2024-12-16 17:44:00+00:00,4009.2,3950.068365758428,4029.0697330735966,509.3831116453621,0.01796101999999991,1017,take_profit
2024-12-16 17:45:00+00:00,2024-12-16 18:50:00+00:00,4033.13,4014.472592710949,4094.762044565168,136.60489911290006,0.01796102000000007,66,take_profit
2024-12-16 18:51:00+00:00,2025-02-03 02:07:00+00:00,4094.13,3808.8053955786227,2285.2832373471733,-18821.803349228292,-0.4011994000000003,69557,stop_loss
2025-02-03 02:08:00+00:00,2025-02-03 02:08:00+00:00,2179.52,2150.03661247169,2193.037344721124,280.87261420905816,0.017961020000000133,1,take_profit
2025-02-03 02:09:00+00:00,2025-02-03 02:09:00+00:00,2286.5,2286.5,2332.23,25.480317052636792,0.01796101999999988,1,take_profit
2025-02-03 02:10:00+00:00,2025-02-03 02:10:00+00:00,2334.53,2334.53,2381.2206,25.50319967684618,0.01796101999999984,1,take_profit
2025-02-03 02:11:00+00:00,2025-02-03 02:12:00+00:00,2367.51,2356.557811915088,2403.68896815339,83.00710482599789,0.017961020000000005,2,take_profit
2025-02-03 02:13:00+00:00,2025-02-03 02:17:00+00:00,2435.34,2424.0740278475237,2472.555508404474,83.24951286544001,0.01796101999999985,5,take_profit
2025-02-03 02:18:00+00:00,2025-02-03 02:37:00+00:00,2486.05,2452.4200376391336,2501.468438391916,285.8528954682097,0.017961019999999918,20,take_profit
2025-02-03 02:38:00+00:00,2025-02-03 03:17:00+00:00,2484.69,2473.1957329376855,2522.6596475964393,84.32741326138057,0.01796101999999992,40,take_profit
2025-02-03 03:18:00+00:00,2025-02-03 07:10:00+00:00,2530.41,2493.089018606901,2542.950798979039,318.8369829018011,0.017961020000000258,233,take_profit
2025-02-03 07:11:00+00:00,2025-02-03 07:41:00+00:00,2541.62,2541.62,2592.4524,26.294182440360828,0.01796102000000011,31,take_profit
2025-02-03 07:42:00+00:00,2025-02-03 09:08:00+00:00,2602.21,2563.8300414197947,2615.106642248191,322.6366837715468,0.017961020000000168,87,take_profit
2025-02-03 09:09:00+00:00,2025-02-03 12:20:00+00:00,2612.89,2577.5442135704902,2629.0950978419,296.23061371111544,0.01796101999999991,192,take_profit
2025-02-03 12:21:00+00:00,2025-02-03 14:40:00+00:00,2631.57,2592.757011193981,2644.6121514178603,329.4500661740567,0.017961019999999692,140,take_profit
2025-02-03 14:41:00+00:00,2025-02-03 15:22:00+00:00,2629.47,2605.590474760285,2657.7022842554907,180.123280118376,0.01796102000000019,42,take_profit
2025-02-03 15:23:00+00:00,2025-02-03 15:44:00+00:00,2660.61,2660.61,2713.8222,27.331193205778163,0.017961019999999918,22,take_profit
2025-02-03 15:45:00+00:00,2025-02-03 18:35:00+00:00,2704.94,2680.3750941437193,2733.982596026594,181.35841125922525,0.017961020000000084,171,take_profit
2025-02-03 18:36:00+00:00,2025-02-03 21:52:00+00:00,2728.91,2716.2859622612796,2770.611681506505,89.4864335032562,0.017961019999999942,197,take_profit
2025-02-03 21:53:00+00:00,2025-02-03 22:00:00+00:00,2776.2,2776.2,2831.7239999999997,27.598970494851756,0.01796102000000002,8,take_profit
2025-02-03 22:01:00+00:00,2025-02-03 22:10:00+00:00,2832.97,2819.864576885034,2876.2618684227346,89.82836138148014,0.01796102000000021,10,take_profit
2025-02-03 22:11:00+00:00,2025-02-03 22:27:00+00:00,2882.48,2856.302765077003,2913.428820378543,183.67008499085387,0.017961020000000067,17,take_profit
2025-02-03 22:28:00+00:00,2025-04-06 18:44:00+00:00,2904.0,2701.61691708869,1620.9701502532141,-12450.490068427389,-0.40119940000000004,89057,stop_loss
2025-04-06 18:45:00+00:00,2025-04-07 14:16:00+00:00,1619.23,1570.9940259411067,1602.4139064599287,279.7436160718771,0.017961019999999894,1172,take_profit
2025-04-07 14:17:00+00:00,2025-04-07 14:17:00+00:00,1605.28,1605.28,1637.3856,16.939420308882518,0.017961020000000133,1,take_profit
2025-04-07 14:18:00+00:00,2025-04-09 17:48:00+00:00,1630.53,1570.1503918277388,1601.5533996642935,303.29954181434005,0.017961019999999987,3091,take_profit
2025-04-09 17:49:00+00:00,2025-04-09 17:58:00+00:00,1599.07,1599.07,1631.0514,17.22701122905619,0.017961020000000077,10,take_profit
2025-04-09 17:59:00+00:00,2025-04-09 18:14:00+00:00,1631.76,1624.2114183976262,1656.6956467655787,56.06999690423663,0.01796102000000004,16,take_profit
2025-04-09 18:15:00+00:00,2025-04-09 20:59:00+00:00,1665.97,1643.433643774529,1676.3023166500195,192.52690390964744,0.01796102000000003,165,take_profit
2025-04-09 21:00:00+00:00,2025-04-12 14:23:00+00:00,1673.63,1623.7734797624885,1656.2489493577382,292.7774632112705,0.017961020000000192,3924,take_profit
2025-04-12 14:24:00+00:00,2025-04-14 02:34:00+00:00,1659.99,1627.4750299882264,1660.024530587991,247.28202849143054,0.01796102000000026,2171,take_profit
2025-04-14 02:35:00+00:00,2025-04-14 10:21:00+00:00,1650.8,1628.4688554673808,1661.0382325767284,199.8515232991631,0.01796102000000004,467,take_profit
2025-04-14 10:22:00+00:00,2025-04-22 14:44:00+00:00,1666.33,1630.50009801805,1663.110099978411,263.0895278527423,0.01796101999999996,11783,take_profit
2025-04-22 14:45:00+00:00,2025-04-22 15:04:00+00:00,1669.53,1669.5299999999997,1702.9205999999997,18.36648029960122,0.017961019999999904,20,take_profit
2025-04-22 15:05:00+00:00,2025-04-22 21:22:00+00:00,1709.08,1693.558994247247,1727.430174132192,121.87231133602018,0.01796101999999996,378,take_profit
2025-04-22 21:23:00+00:00,2025-04-22 21:49:00+00:00,1728.2,1720.2052834208323,1754.609389089249,60.134616357388495,0.017961019999999966,27,take_profit
2025-04-22 21:50:00+00:00,2025-04-23 01:10:00+00:00,1776.83,1752.7939886479924,1787.8498684209521,206.4835410077867,0.017961019999999914,201,take_profit
2025-04-23 01:11:00+00:00,2025-04-23 04:58:00+00:00,1781.26,1773.0198259149356,1808.4802224332343,60.91322904292019,0.017961020000000057,228,take_profit
2025-04-23 04:59:00+00:00,2025-04-23 12:12:00+00:00,1810.3,1785.8112242867696,1821.527448772505,209.15705443683692,0.017961020000000136,434,take_profit
2025-04-23 12:13:00+00:00,2025-04-26 08:28:00+00:00,1819.9,1793.0583205736216,1828.919486985094,232.61203344831847,0.017961019999999706,4096,take_profit
2025-04-26 08:29:00+00:00,2025-04-27 00:19:00+00:00,1833.92,1806.8715397914043,1843.0089705872324,235.1729616824632,0.01796101999999988,951,take_profit
2025-04-27 00:20:00+00:00,2025-05-01 10:30:00+00:00,1846.09,1809.9298056680852,1846.1284017814469,270.51722340875494,0.017961019999999772,6371,take_profit
2025-05-01 10:31:00+00:00,2025-05-02 16:04:00+00:00,1846.0,1829.23555560911,1865.8202667212922,130.18887798793276,0.017961020000000102,1774,take_profit
2025-05-02 16:05:00+00:00,2025-05-08 03:25:00+00:00,1868.9,1832.2930159488892,1868.938876267867,275.5365274966716,0.017961020000000074,7881,take_profit
2025-05-08 03:26:00+00:00,2025-05-08 03:57:00+00:00,1866.79,1866.79,1904.1258,20.001790629440393,0.017961020000000157,32,take_profit
2025-05-08 03:58:00+00:00,2025-05-08 07:33:00+00:00,1906.01,1897.1927278399146,1935.1365823967128,65.10127170407213,0.01796101999999974,216,take_profit
2025-05-08 07:34:00+00:00,2025-05-08 12:18:00+00:00,1932.09,1932.09,1970.7318,20.078217519671853,0.017961019999999966,285,take_profit
2025-05-08 12:19:00+00:00,2025-05-08 14:49:00+00:00,1968.41,1959.3040631514873,1998.490144414517,65.35002382025323,0.017961019999999953,151,take_profit
2025-05-08 14:50:00+00:00,2025-05-08 15:39:00+00:00,1996.63,1996.63,2036.5626000000002,20.154936437235392,0.017961019999999946,50,take_profit
2025-05-08 15:40:00+00:00,2025-05-08 19:21:00+00:00,2042.72,2042.72,2083.5744,20.173036598057706,0.017961019999999873,222,take_profit
2025-05-08 19:22:00+00:00,2025-05-08 19:54:00+00:00,2082.45,2082.45,2124.0989999999997,20.19115301374768,0.017961019999999918,33,take_profit
2025-05-08 19:55:00+00:00,2025-05-08 20:50:00+00:00,2132.7,2122.834051586395,2165.290732618123,65.71760312458036,0.017961019999999935,56,take_profit
2025-05-08 20:51:00+00:00,2025-05-08 21:18:00+00:00,2170.39,2170.3899999999994,2213.7977999999994,20.268303458106402,0.017961019999999862,28,take_profit
2025-05-08 21:19:00+00:00,2025-05-09 01:16:00+00:00,2208.88,2178.9994460048392,2222.579434924936,225.8564271016876,0.017961019999999894,238,take_profit
2025-05-09 01:17:00+00:00,2025-05-09 06:31:00+00:00,2241.29,2210.9710207599264,2255.190441175125,228.11460767275275,0.017961020000000192,315,take_profit
2025-05-09 06:32:00+00:00,2025-05-09 07:12:00+00:00,2255.11,2255.11,2300.2122000000004,20.69419457004551,0.01796101999999989,41,take_profit
2025-05-09 07:13:00+00:00,2025-05-09 07:42:00+00:00,2298.78,2298.78,2344.7556000000004,20.71277901217354,0.01796102000000007,30,take_profit
2025-05-09 07:43:00+00:00,2025-05-09 08:27:00+00:00,2361.21,2350.286955946131,2397.2926950650535,67.4153769129648,0.017961019999999907,45,take_profit
2025-05-09 08:28:00+00:00,2025-05-09 08:32:00+00:00,2405.38,2405.38,2453.4876,20.79192259073011,0.017961019999999935,5,take_profit
2025-05-09 08:33:00+00:00,2025-05-10 13:48:00+00:00,2445.28,2392.700893389412,2440.5549112572003,301.98485339635226,0.017961019999999966,1756,take_profit
2025-05-10 13:49:00+00:00,2025-05-10 16:39:00+00:00,2442.58,2420.3977158286566,2468.8056701452297,139.76447684798495,0.01796101999999994,171,take_profit
2025-05-10 16:40:00+00:00,2025-05-10 18:51:00+00:00,2467.96,2456.543126531233,2505.673989061858,68.96302452549435,0.01796101999999986,132,take_profit
2025-05-10 18:52:00+00:00,2025-05-10 21:54:00+00:00,2504.71,2481.9634823887836,2531.602752036559,141.00718727387903,0.017961019999999956,183,take_profit
2025-05-10 21:55:00+00:00,2025-05-10 22:55:00+00:00,2532.38,2532.38,2583.0276000000003,21.395872184056543,0.01796101999999994,61,take_profit
2025-05-10 22:56:00+00:00,2025-05-12 07:25:00+00:00,2585.88,2535.229206528928,2585.9337906595065,298.7008028520286,0.017961019999999904,1950,take_profit
2025-05-12 07:26:00+00:00,2025-05-13 16:10:00+00:00,2581.98,2526.4615310776653,2576.9907616992186,314.64928813399456,0.01796102000000014,1965,take_profit
2025-05-13 16:11:00+00:00,2025-05-13 18:28:00+00:00,2577.3,2577.3,2628.8460000000005,21.965906431027634,0.01796102000000014,138,take_profit
2025-05-13 18:29:00+00:00,2025-05-13 19:19:00+00:00,2627.51,2627.51,2680.0602000000003,21.985632935263766,0.017961020000000008,51,take_profit
2025-05-13 19:20:00+00:00,2025-05-22 03:45:00+00:00,2686.6,2587.1134187561124,2638.855687131235,393.65174688222396,0.017961020000000022,12026,take_profit
2025-05-22 03:46:00+00:00,2025-05-22 08:17:00+00:00,2639.7,2615.727571040827,2668.042122461644,148.23120272120104,0.01796101999999979,272,take_profit
2025-05-22 08:18:00+00:00,2025-05-23 02:13:00+00:00,2672.95,2648.675611248846,2701.6491234738232,149.1137335801086,0.01796101999999999,1076,take_profit
2025-05-23 02:14:00+00:00,2025-05-27 13:17:00+00:00,2702.97,2622.4500054334676,2674.899005542137,379.2775832978332,0.01796102000000041,6424,take_profit
2025-05-27 13:18:00+00:00,2025-05-27 17:45:00+00:00,2675.75,2651.450183055838,2704.4791867169547,152.2596410149963,0.017961020000000175,268,take_profit
2025-05-27 17:46:00+00:00,2025-05-29 00:59:00+00:00,2707.59,2667.6557932864075,2721.008909152136,283.22903738761124,0.01796102000000006,1874,take_profit
2025-05-29 01:00:00+00:00,2025-05-29 02:30:00+00:00,2721.5,2708.9102411930303,2763.088446016891,75.95554935695327,0.0179610199999999,91,take_profit
2025-05-29 02:31:00+00:00,2025-06-10 00:28:00+00:00,2766.08,2663.650221600873,2716.9232260328904,419.0622673212092,0.017961019999999772,17158,take_profit
2025-06-10 00:29:00+00:00,2025-06-10 11:16:00+00:00,2716.81,2680.0584390733793,2733.659607854847,264.997607547175,0.01796102,648,take_profit
2025-06-10 11:17:00+00:00,2025-06-10 11:41:00+00:00,2730.5,2730.5,2785.11,24.040161685063822,0.017961019999999956,25,take_profit
2025-06-10 11:42:00+00:00,2025-06-10 19:37:00+00:00,2784.68,2743.6087939639283,2798.480969843207,294.9792434502633,0.01796102000000012,476,take_profit
2025-06-10 19:38:00+00:00,2025-06-10 22:07:00+00:00,2797.19,2759.351101178098,2814.53812320166,270.8367855069664,0.017961020000000133,150,take_profit
2025-06-10 22:08:00+00:00,2025-06-11 14:22:00+00:00,2814.3,2776.2296461969045,2831.7542391208426,273.54469324644924,0.017961020000000147,975,take_profit
2025-06-11 14:23:00+00:00,2025-07-09 19:37:00+00:00,2832.5,2695.101262701493,2749.003287955523,471.8628921579475,0.017961020000000043,40635,take_profit
2025-07-09 19:38:00+00:00,2025-07-10 06:35:00+00:00,2745.0,2745.0,2799.9,25.23929665440619,0.017961019999999862,658,take_profit
2025-07-10 06:36:00+00:00,2025-07-10 17:54:00+00:00,2791.42,2778.506788708818,2834.0769244829944,82.148160610167,0.017961019999999737,679,take_profit
2025-07-10 17:55:00+00:00,2025-07-10 21:23:00+00:00,2833.0,2819.894438103933,2876.292326866012,82.38806025007307,0.017961019999999883,209,take_profit
2025-07-10 21:24:00+00:00,2025-07-10 21:42:00+00:00,2901.68,2901.68,2959.7136,25.409724747685914,0.01796101999999999,19,take_profit
2025-07-10 21:43:00+00:00,2025-07-11 05:30:00+00:00,2969.27,2942.3045819087015,3001.1506735468756,168.60834710283598,0.01796102000000008,468,take_profit
2025-07-11 05:31:00+00:00,2025-07-11 09:36:00+00:00,3004.67,2977.3830968970874,3036.9307588350293,169.61219829378388,0.017961020000000036,246,take_profit
2025-07-11 09:37:00+00:00,2025-07-14 04:34:00+00:00,3037.54,2992.739365391065,3052.5941526988863,315.5077690431026,0.01796101999999997,4018,take_profit
2025-07-14 04:35:00+00:00,2025-07-15 13:50:00+00:00,3052.07,3007.0550626260415,3067.1961638785624,318.98133290760234,0.017961019999999994,1996,take_profit
2025-07-15 13:51:00+00:00,2025-07-15 17:44:00+00:00,3064.9,3019.6958331370374,3080.089749799778,322.493138765185,0.01796102000000012,234,take_profit
2025-07-15 17:45:00+00:00,2025-07-15 23:01:00+00:00,3087.19,3059.1536917231256,3120.336765557588,176.319654886227,0.01796102000000018,317,take_profit
2025-07-15 23:02:00+00:00,2025-07-16 13:09:00+00:00,3120.09,3120.09,3182.4918000000002,26.754046176066822,0.017961020000000105,848,take_profit
2025-07-16 13:10:00+00:00,2025-07-16 14:33:00+00:00,3180.34,3180.34,3243.9468,26.7780726739893,0.017961020000000116,84,take_profit
2025-07-16 14:34:00+00:00,2025-07-16 16:56:00+00:00,3241.34,3226.345442288671,3290.8723511344447,87.1565259909712,0.017961019999999897,143,take_profit
2025-07-16 16:57:00+00:00,2025-07-16 18:06:00+00:00,3289.3,3289.3,3355.0860000000002,26.880391754254788,0.017961019999999998,70,take_profit
2025-07-16 18:07:00+00:00,2025-07-16 20:18:00+00:00,3348.81,3348.81,3415.7862,26.90453171695026,0.017961020000000112,132,take_profit
2025-07-16 20:19:00+00:00,2025-07-17 06:28:00+00:00,3416.0,3365.6174641900607,3432.929813473862,330.125833395723,0.017961020000000327,610,take_profit
2025-07-17 06:29:00+00:00,2025-07-17 21:10:00+00:00,3425.73,3394.619241558395,3462.511626389563,180.49274857826822,0.017961020000000123,882,take_profit
2025-07-17 21:11:00+00:00,2025-07-18 00:45:00+00:00,3471.66,3455.5999735220266,3524.711972992467,89.05929552053021,0.017961020000000046,215,take_profit
2025-07-18 00:46:00+00:00,2025-07-18 01:39:00+00:00,3527.21,3527.21,3597.7542000000003,27.467234676124917,0.017961020000000043,54,take_profit
2025-07-18 01:40:00+00:00,2025-07-18 05:57:00+00:00,3596.15,3596.15,3668.0730000000003,27.49190165369305,0.017961020000000043,258,take_profit
2025-07-18 05:58:00+00:00,2025-07-20 03:35:00+00:00,3666.51,3612.432695734046,3684.681349648727,337.3330203454352,0.017961019999999685,2738,take_profit
2025-07-20 03:36:00+00:00,2025-07-20 09:01:00+00:00,3683.31,3649.8600294315224,3722.857230020153,184.43320052258423,0.017961020000000123,326,take_profit
2025-07-20 09:02:00+00:00,2025-07-20 15:33:00+00:00,3721.99,3704.771937761546,3778.867376516777,91.00360562139394,0.01796102000000015,392,take_profit
2025-07-20 15:34:00+00:00,2025-07-21 06:23:00+00:00,3778.25,3727.13984320913,3801.6826400733125,312.4780346399057,0.017961020000000036,890,take_profit
2025-07-21 06:24:00+00:00,2025-07-27 05:01:00+00:00,3802.19,3720.4342283240717,3794.842912890553,411.35387532024833,0.017961019999999956,8558,take_profit
2025-07-27 05:02:00+00:00,2025-07-27 16:33:00+00:00,3790.25,3772.7161644982125,3848.1704877881766,93.38319325084467,0.017961020000000005,692,take_profit
2025-07-27 16:34:00+00:00,2025-07-28 02:33:00+00:00,3846.21,3828.417291485962,3904.9856373156813,93.65590288022304,0.017961020000000046,600,take_profit
2025-07-28 02:34:00+00:00,2025-08-07 10:58:00+00:00,3894.73,3750.505562953916,3825.5156742129943,516.7187301161648,0.017961019999999613,14905,take_profit
2025-08-07 10:59:00+00:00,2025-08-07 21:48:00+00:00,3825.77,3808.0718476755687,3884.23328462908,95.43839750427287,0.017961019999999998,650,take_profit
2025-08-07 21:49:00+00:00,2025-08-08 03:25:00+00:00,3884.8,3884.8000000000006,3962.4960000000005,29.434646277421734,0.017961020000000123,337,take_profit
2025-08-08 03:26:00+00:00,2025-08-08 13:53:00+00:00,3962.79,3926.801932509332,4005.3379711595185,195.31604949182474,0.01796102000000001,628,take_profit
2025-08-08 13:54:00+00:00,2025-08-08 18:00:00+00:00,4010.99,3956.731460256306,4035.8660894614322,329.95285369152043,0.01796102000000002,247,take_profit
2025-08-08 18:01:00+00:00,2025-08-09 05:04:00+00:00,4039.19,4020.5045589287074,4100.914650107282,97.33702576090036,0.017961020000000286,664,take_profit
2025-08-09 05:05:00+00:00,2025-08-09 05:06:00+00:00,4104.03,4104.03,4186.1106,30.02021196804003,0.017961020000000067,2,take_profit
2025-08-09 05:07:00+00:00,2025-08-09 09:47:00+00:00,4173.28,4153.974253671155,4237.0537387445775,97.70895077106888,0.01796101999999971,281,take_profit
2025-08-09 09:48:00+00:00,2025-08-09 20:10:00+00:00,4233.99,4195.539030386465,4279.449810994194,199.78335368131957,0.017961019999999824,623,take_profit
2025-08-09 20:11:00+00:00,2025-08-11 01:31:00+00:00,4287.9,4224.657823390093,4309.1509798578945,371.6312909450244,0.017961019999999793,1761,take_profit
2025-08-11 01:32:00+00:00,2025-08-11 15:57:00+00:00,4309.43,4245.870277723822,4330.787683278299,375.7227433585722,0.017961019999999883,866,take_profit
2025-08-11 15:58:00+00:00,2025-08-12 12:30:00+00:00,4328.05,4264.215651606498,4349.499964638628,379.8592403721341,0.017961020000000105,1233,take_profit
2025-08-12 12:31:00+00:00,2025-08-12 13:30:00+00:00,4346.7,4346.7,4433.634,31.32662991945972,0.017961020000000064,60,take_profit
2025-08-12 13:31:00+00:00,2025-08-12 15:54:00+00:00,4416.11,4376.005108061183,4463.525210222407,207.87046469298366,0.017961019999999907,144,take_profit
2025-08-12 15:55:00+00:00,2025-08-12 20:15:00+00:00,4470.29,4449.610274518755,4538.602480009131,102.56809368191807,0.01796102000000015,261,take_profit
2025-08-12 20:16:00+00:00,2025-08-12 20:54:00+00:00,4546.8,4546.8,4637.736,31.633552488572377,0.017961019999999904,39,take_profit
2025-08-12 20:55:00+00:00,2025-08-13 04:33:00+00:00,4629.06,4587.02120316788,4678.761627231238,209.9070749900493,0.017961020000000088,459,take_profit
2025-08-13 04:34:00+00:00,2025-08-13 13:31:00+00:00,4678.39,4635.903212896047,4728.621277153969,211.15680829707708,0.017961020000000126,538,take_profit
2025-08-13 13:32:00+00:00,2025-08-13 21:08:00+00:00,4731.33,4667.327083800874,4760.673625476891,356.71308965795106,0.01796102000000018,457,take_profit
2025-08-13 21:09:00+00:00,2025-08-22 15:04:00+00:00,4743.37,4567.719860464967,4659.074257674266,578.8923946306859,0.017961020000000088,12596,take_profit
2025-08-22 15:05:00+00:00,2025-08-22 16:08:00+00:00,4647.79,4626.289153009207,4718.8149360693915,106.92192725149016,0.017961020000000185,64,take_profit
2025-08-22 16:09:00+00:00,2025-08-22 17:15:00+00:00,4742.92,4720.979078140455,4815.3986597032645,107.23417443578637,0.01796102000000021,67,take_profit
2025-08-22 17:16:00+00:00,2025-08-22 21:04:00+00:00,4821.85,4778.06038126424,4873.621588889525,219.25937008804794,0.017961020000000005,229,take_profit
2025-08-22 21:05:00+00:00,2025-08-24 17:40:00+00:00,4863.13,4791.403764234956,4887.231839519655,407.86002064812055,0.017961019999999887,2676,take_profit
2025-08-24 17:41:00+00:00,2025-10-07 13:27:00+00:00,4895.14,4657.686847343545,4750.840584290416,639.5790331754324,0.017961019999999963,63107,take_profit
2025-10-07 13:28:00+00:00,2025-11-21 12:21:00+00:00,4752.56,4421.348655467985,2652.8091932807906,-15283.22177386806,-0.4011994,64734,stop_loss
2025-11-21 12:22:00+00:00,2025-11-21 12:37:00+00:00,2653.7,2641.4238864794943,2694.252364209084,66.61447656595237,0.01796102000000007,16,take_profit
2025-11-21 12:38:00+00:00,2025-11-21 13:17:00+00:00,2702.87,2702.87,2756.9274,20.544912801858572,0.017961020000000154,40,take_profit
2025-11-21 13:18:00+00:00,2025-11-21 17:03:00+00:00,2755.63,2714.9872520041154,2769.2869970441975,252.09160048241574,0.01796102000000007,226,take_profit
2025-11-21 17:04:00+00:00,2025-11-21 18:48:00+00:00,2771.99,2734.4919933771653,2789.1818332447087,231.45926448711725,0.01796102000000018,105,take_profit
2025-11-21 18:49:00+00:00,2025-11-23 01:38:00+00:00,2786.41,2745.3132782183334,2800.2195437827,257.41522473515215,0.017961019999999855,1850,take_profit
2025-11-23 01:39:00+00:00,2025-11-23 12:17:00+00:00,2800.19,2787.236218367191,2842.980942734535,69.0328752586347,0.017961019999999776,639,take_profit
2025-11-23 12:18:00+00:00,2025-11-24 02:14:00+00:00,2843.34,2801.403618451454,2857.431690820483,261.00923551723827,0.01796101999999985,837,take_profit
2025-11-24 02:15:00+00:00,2025-11-24 17:21:00+00:00,2859.1,2820.423615620783,2876.8320879331986,239.64703925698268,0.017961020000000067,907,take_profit
2025-11-24 17:22:00+00:00,2025-11-24 17:54:00+00:00,2877.11,2877.11,2934.6522,21.740398430046525,0.01796101999999998,33,take_profit
2025-11-24 17:55:00+00:00,2025-11-25 17:14:00+00:00,2931.52,2891.863956372508,2949.701235499958,242.26046957144536,0.01796101999999987,1400,take_profit
2025-11-25 17:15:00+00:00,2025-11-25 22:57:00+00:00,2948.42,2908.5353421596405,2966.7060490028334,244.68266269892592,0.017961020000000057,343,take_profit
2025-11-25 22:58:00+00:00,2025-11-26 17:33:00+00:00,2969.15,2925.3580485362763,2983.865209507002,272.1215015826074,0.017961019999999953,1116,take_profit
2025-11-26 17:34:00+00:00,2025-11-27 01:57:00+00:00,2994.66,2994.66,3054.5532,22.441601170093463,0.01796102000000009,504,take_profit
2025-11-27 01:58:00+00:00,2025-11-28 08:51:00+00:00,3053.28,3011.9768518424066,3072.2163888792547,250.0742042467864,0.017961020000000074,1854,take_profit
2025-11-28 08:52:00+00:00,2025-11-28 14:27:00+00:00,3060.88,3033.0826259224336,3093.744278440882,150.4019938088095,0.017961020000000178,336,take_profit
2025-11-28 14:28:00+00:00,2025-12-03 05:05:00+00:00,3094.47,3002.2874350487423,3062.333183749717,382.5543319544922,0.017961019999999855,6638,take_profit
2025-12-03 05:06:00+00:00,2025-12-03 14:41:00+00:00,3061.8,3047.6360009130335,3108.588720931294,75.32900579173747,0.017961019999999855,576,take_profit
2025-12-03 14:42:00+00:00,2025-12-03 20:52:00+00:00,3116.69,3088.3857875467806,3150.1535032977163,154.0235698755332,0.01796101999999986,371,take_profit
2025-12-03 20:53:00+00:00,2025-12-03 23:01:00+00:00,3153.2,3138.613181161074,3201.3854447842955,75.99879072551175,0.01796101999999987,129,take_profit
2025-12-03 23:02:00+00:00,2025-12-09 15:41:00+00:00,3214.43,3118.6738924092747,3181.0473702574604,392.9100613463015,0.017961020000000095,8200,take_profit
2025-12-09 15:42:00+00:00,2025-12-09 15:51:00+00:00,3188.35,3188.35,3252.117,23.792030596414634,0.017961020000000206,10,take_profit
2025-12-09 15:52:00+00:00,2025-12-09 16:32:00+00:00,3246.75,3246.75,3311.685,23.813397053283325,0.01796101999999987,41,take_profit
2025-12-09 16:33:00+00:00,2025-12-09 17:02:00+00:00,3312.55,3312.55,3378.8010000000004,23.83478269832085,0.017961020000000192,30,take_profit
2025-12-09 17:03:00+00:00,2025-12-10 18:35:00+00:00,3375.69,3325.901995811401,3392.420035727629,292.45918809773684,0.017961020000000296,1533,take_profit
2025-12-10 18:36:00+00:00,2025-12-10 20:14:00+00:00,3392.84,3362.0279320112745,3429.2684906515,159.89891540373173,0.01796102000000005,99,take_profit
2025-12-10 20:15:00+00:00,2026-01-14 16:31:00+00:00,3441.58,3314.136008234444,3380.4187283991328,434.02788217226043,0.017961019999999762,50177,take_profit
2026-01-14 16:32:00+00:00,2026-02-05 20:17:00+00:00,3388.87,3152.6957719746392,1891.6174631847834,-11013.239565848959,-0.4011994000000001,31906,stop_loss
2026-02-05 20:18:00+00:00,2026-02-05 21:04:00+00:00,1897.69,1869.7009969610178,1907.0950169002383,180.96820084293722,0.01796101999999982,47,take_profit
2026-02-05 21:05:00+00:00,2026-02-06 00:39:00+00:00,1900.84,1844.2150184160942,1881.099318784416,250.17507306303378,0.0179610199999998,215,take_profit
2026-02-06 00:40:00+00:00,2026-02-06 01:04:00+00:00,1864.48,1855.8548471429656,1892.9719440858248,49.26212554287713,0.017961019999999873,25,take_profit
2026-02-06 01:05:00+00:00,2026-02-06 01:47:00+00:00,1896.11,1896.11,1934.0321999999999,15.193185113608024,0.017961019999999918,43,take_profit
2026-02-06 01:48:00+00:00,2026-02-06 05:50:00+00:00,1937.41,1908.8351672413544,1947.0118705861814,186.42446374211795,0.017961019999999817,243,take_profit
2026-02-06 05:51:00+00:00,2026-02-06 13:49:00+00:00,1948.84,1920.0965863325994,1958.4985180592514,188.47689269712464,0.01796101999999992,479,take_profit
2026-02-06 13:50:00+00:00,2026-02-06 14:39:00+00:00,1958.66,1949.5991670090546,1988.5911503492357,50.54519147452402,0.01796102000000013,50,take_profit
2026-02-06 14:40:00+00:00,2026-02-06 16:21:00+00:00,1979.2,1970.0441482157803,2009.4450311800958,50.692800053263,0.017961020000000133,102,take_profit
2026-02-06 16:22:00+00:00,2026-02-06 17:16:00+00:00,2012.01,2012.01,2052.2502,15.634426786273707,0.01796102000000001,55,take_profit
2026-02-06 17:17:00+00:00,2026-02-06 20:35:00+00:00,2052.54,2043.0448746861446,2083.9057721798677,50.88649736451771,0.017961020000000053,199,take_profit
2026-02-06 20:36:00+00:00,2026-02-07 04:11:00+00:00,2093.27,2062.3963903000963,2103.644318106098,192.3988494684836,0.01796102000000004,456,take_profit
2026-02-07 04:12:00+00:00,2026-02-07 16:05:00+00:00,2103.06,2072.0419977282054,2113.4828376827695,194.51705306490112,0.01796101999999998,714,take_profit
2026-02-07 16:06:00+00:00,2026-02-07 16:08:00+00:00,2081.95,2053.786487545622,2094.8622172965347,178.59688282531351,0.017961020000000164,3,take_profit
2026-02-07 16:09:00+00:00,2026-02-07 16:09:00+00:00,2065.35,2037.4110435180246,2078.159264388385,180.38254824127398,0.017961019999999994,1,take_profit
2026-02-07 16:10:00+00:00,2026-02-07 16:11:00+00:00,2067.36,2048.585275321804,2089.5569808282403,108.48737871831145,0.01796102000000017,2,take_profit
2026-02-07 16:12:00+00:00,2026-02-07 16:12:00+00:00,2067.59,2039.6207419892187,2080.413156829003,183.27075675938067,0.017961020000000067,1,take_profit
2026-02-07 16:13:00+00:00,2026-02-07 18:21:00+00:00,2056.65,2047.1358616754167,2088.078578908925,54.065391986533086,0.017961020000000043,129,take_profit
2026-02-07 18:22:00+00:00,2026-02-08 08:34:00+00:00,2091.21,2081.5359858479796,2123.166705564939,54.2232807082346,0.017961019999999866,853,take_profit
2026-02-08 08:35:00+00:00,2026-02-08 12:37:00+00:00,2119.41,2100.1625833767625,2142.1658350442976,110.86915560966554,0.017961020000000112,243,take_profit
2026-02-08 12:38:00+00:00,2026-02-09 18:04:00+00:00,2142.85,2100.8770342051885,2142.8945748892925,234.64755680594317,0.017961020000000133,1767,take_profit
2026-02-09 18:05:00+00:00,2026-02-25 21:35:00+00:00,2135.47,2056.3921284713447,2097.5199710407715,304.7116783949641,0.01796101999999987,23251,take_profit
2026-02-25 21:36:00+00:00,2026-02-25 21:36:00+00:00,2105.0,2105.0,2147.1,17.307218711684868,0.01796101999999992,1,take_profit
2026-02-25 21:37:00+00:00,2026-03-04 14:31:00+00:00,2138.09,2058.915108132307,2100.093410294953,309.88495530641376,0.017961019999999852,9655,take_profit
2026-03-04 14:32:00+00:00,2026-03-04 15:27:00+00:00,2098.13,2079.0758376436306,2120.6573543965033,116.68846891722114,0.01796101999999996,56,take_profit
2026-03-04 15:28:00+00:00,2026-03-04 16:03:00+00:00,2119.65,2119.65,2162.043,17.705846166953734,0.01796102000000008,36,take_profit
2026-03-04 16:04:00+00:00,2026-03-04 19:19:00+00:00,2154.95,2144.9811222704097,2187.880744715818,57.62849553923297,0.017961019999999953,196,take_profit
2026-03-04 19:20:00+00:00,2026-03-13 13:17:00+00:00,2197.7,2132.231721750937,2174.876356185956,297.9365263770487,0.0179610200000003,12598,take_profit
2026-03-13 13:18:00+00:00,2026-03-15 22:45:00+00:00,2179.2,2136.5150304220765,2179.245331030518,251.63941170923317,0.017961020000000015,3448,take_profit
2026-03-15 22:46:00+00:00,2026-03-16 03:30:00+00:00,2176.62,2176.62,2220.1524,18.267047468631404,0.01796101999999985,285,take_profit
2026-03-16 03:31:00+00:00,2026-03-16 04:55:00+00:00,2230.17,2230.17,2274.7734,18.283452208877748,0.01796101999999994,85,take_profit
2026-03-16 04:56:00+00:00,2026-03-16 12:26:00+00:00,2264.41,2253.934756296127,2299.0134514220495,59.508471615868075,0.01796101999999985,451,take_profit
2026-03-16 12:27:00+00:00,2026-03-16 17:47:00+00:00,2297.1,2276.23889208542,2321.7636699271284,121.67566981374148,0.017961019999999907,321,take_profit
2026-03-16 17:48:00+00:00,2026-03-16 21:36:00+00:00,2319.7,2319.7,2366.094,18.462584280812507,0.01796102000000006,229,take_profit
2026-03-16 21:37:00+00:00,2026-04-11 19:05:00+00:00,2369.2,2281.466951431914,2327.096290460552,330.5717227019122,0.017961019999999862,37289,take_profit
2026-04-11 19:06:00+00:00,2026-04-13 22:16:00+00:00,2316.83,2271.449209770916,2316.878193966334,261.8909162698146,0.01796102000000002,3071,take_profit
2026-04-13 22:17:00+00:00,2026-04-13 23:20:00+00:00,2319.47,2319.47,2365.8594,19.011226288479747,0.017961020000000133,64,take_profit
2026-04-13 23:21:00+00:00,2026-04-15 19:36:00+00:00,2369.18,2334.236997602403,2380.921737554451,233.27285486276924,0.017961019999999932,2656,take_profit
2026-04-15 19:37:00+00:00,2026-04-17 13:09:00+00:00,2383.62,2348.4640222461107,2395.433302691033,235.84105837065,0.017961019999999984,2493,take_profit
2026-04-17 13:10:00+00:00,2026-04-17 14:00:00+00:00,2394.43,2394.43,2442.3186,19.449587558152416,0.017961020000000032,51,take_profit
2026-04-17 14:01:00+00:00,2026-05-06 09:40:00+00:00,2438.88,2366.2271017627186,2413.551643797973,326.3255098887457,0.017961020000000077,27100,take_profit
2026-05-06 09:41:00+00:00,2026-07-31 23:59:00+00:00,2412.39,2280.631972091588,1862.6,-3954.520223884356,-0.18492914010356185,124699,eod_close
